type,@typeName,@id,geometry.type,geometry.@name,geometry.@srs,geometry.coordinates,properties.nom,properties.adresse,properties.code_insee,properties.commune,properties.etat,properties.type,properties.nb_places_dispo,properties.nb_velos_dispo,properties.etat_connexion,properties.x,properties.y,properties.date_modification
Feature,ilevia:vlille_temps_reel,vlille_temps_reel.1,Point,geom,EPSG:4326,"[3.075992, 50.641926]",METROPOLE EUROPEENNE DE LILLE,MEL RUE DU BALLON,,LILLE,RÉFORMÉ,AVEC TPE,0,0,DÉCONNECTÉ,3.075992,50.641926,2022-11-29T10:47:16.181+00:00
Feature,ilevia:vlille_temps_reel,vlille_temps_reel.105,Point,geom,EPSG:4326,"[3.10231, 50.638126]",VERDUN,69 AVENUE DE VERDUN,,MONS EN BAROEUL,RÉFORMÉ,AVEC TPE,0,0,DÉCONNECTÉ,3.10231,50.638126,2022-11-29T10:47:16.183+00:00
Feature,ilevia:vlille_temps_reel,vlille_temps_reel.106,Point,geom,EPSG:4326,"[3.112704, 50.638123]",CONCORDE,27 BOULEVARD ALPHONSE GAYET,,MONS EN BAROEUL,RÉFORMÉ,AVEC TPE,0,0,DÉCONNECTÉ,3.112704,50.638123,2022-11-29T10:47:16.183+00:00
Feature,ilevia:vlille_temps_reel,vlille_temps_reel.109,Point,geom,EPSG:4326,"[3.030667, 50.623466]",SQUARE DU PORTUGAL,FACE AU 204 RUE DE LA BASSEE,,LILLE,RÉFORMÉ,AVEC TPE,0,0,DÉCONNECTÉ,3.030667,50.623466,2022-11-29T10:47:16.184+00:00
Feature,ilevia:vlille_temps_reel,vlille_temps_reel.112,Point,geom,EPSG:4326,"[3.115101, 50.626846]",SQUARE CHARLES DE GAULLE,"4, RUE FERDINAND BUISSON",,HELLEMMES,RÉFORMÉ,AVEC TPE,0,0,DÉCONNECTÉ,3.115101,50.626846,2022-11-29T10:47:16.184+00:00
Feature,ilevia:vlille_temps_reel,vlille_temps_reel.118,Point,geom,EPSG:4326,"[3.022364, 50.641834]",COLLEGE LAVOISIER,"56, RUE PAUL VAILLANT",,LAMBERSART,RÉFORMÉ,AVEC TPE,0,0,DÉCONNECTÉ,3.022364,50.641834,2022-11-29T10:47:16.185+00:00
Feature,ilevia:vlille_temps_reel,vlille_temps_reel.126,Point,geom,EPSG:4326,"[3.115571, 50.64057]",LE POLYEDRE,"FACE AU 38, AVENUE RHIN ET DANUBE",,MONS EN BAROEUL,RÉFORMÉ,AVEC TPE,3,0,DÉCONNECTÉ,3.115571,50.64057,2022-11-29T10:47:16.185+00:00
Feature,ilevia:vlille_temps_reel,vlille_temps_reel.127,Point,geom,EPSG:4326,"[3.127964, 50.63708]",FLERS MAIRIE,16 RUE DU GÉNÉRAL LECLERC,,VILLENEUVE D'ASCQ,RÉFORMÉ,AVEC TPE,0,0,DÉCONNECTÉ,3.127964,50.63708,2022-11-29T10:47:16.185+00:00
Feature,ilevia:vlille_temps_reel,vlille_temps_reel.128,Point,geom,EPSG:4326,"[3.127335, 50.633842]",RUE LOUISE MICHEL,93 RUE LOUISE MICHEL,,VILLENEUVE D'ASCQ,RÉFORMÉ,AVEC TPE,1,0,DÉCONNECTÉ,3.127335,50.633842,2022-11-29T10:47:16.185+00:00
Feature,ilevia:vlille_temps_reel,vlille_temps_reel.129,Point,geom,EPSG:4326,"[3.130853, 50.63608]",FLERS CHATEAU,RUE DE LA CHEVALERIE,,VILLENEUVE D'ASCQ,RÉFORMÉ,AVEC TPE,0,0,DÉCONNECTÉ,3.130853,50.63608,2022-11-29T10:47:16.185+00:00
Feature,ilevia:vlille_temps_reel,vlille_temps_reel.134,Point,geom,EPSG:4326,"[3.131706, 50.6221]",RUE DES VICTOIRES,"76, BOULEVARD VAN GOGH",,VILLENEUVE D'ASCQ,RÉFORMÉ,AVEC TPE,0,0,DÉCONNECTÉ,3.131706,50.6221,2022-11-29T10:47:16.186+00:00
Feature,ilevia:vlille_temps_reel,vlille_temps_reel.143,Point,geom,EPSG:4326,"[3.146026, 50.61776]",ROND POINT DE TOURNAI,"55, RUE DES FUSILLÉS",,VILLENEUVE D'ASCQ,RÉFORMÉ,AVEC TPE,1,0,DÉCONNECTÉ,3.146026,50.61776,2022-11-29T10:47:16.187+00:00
Feature,ilevia:vlille_temps_reel,vlille_temps_reel.145,Point,geom,EPSG:4326,"[3.14528, 50.61992]",RESIDENCE,PLACE N. DAME DE LA NATIVITÉ,,VILLENEUVE D'ASCQ,RÉFORMÉ,AVEC TPE,1,0,DÉCONNECTÉ,3.14528,50.61992,2022-11-29T10:47:16.187+00:00
Feature,ilevia:vlille_temps_reel,vlille_temps_reel.215,Point,geom,EPSG:4326,"[3.200799, 50.684593]",TROIS PONTS,"186, AVENUE JULIEN LAGACHE",,ROUBAIX,RÉFORMÉ,AVEC TPE,0,0,DÉCONNECTÉ,3.200799,50.684593,2022-11-29T10:47:16.198+00:00
Feature,ilevia:vlille_temps_reel,vlille_temps_reel.218,Point,geom,EPSG:4326,"[3.18514, 50.67392]",PLACE SPRIET,PLACE CHARLES SPRIET,,ROUBAIX,RÉFORMÉ,AVEC TPE,24,0,DÉCONNECTÉ,3.18514,50.67392,2022-11-29T10:47:16.198+00:00
Feature,ilevia:vlille_temps_reel,vlille_temps_reel.222,Point,geom,EPSG:4326,"[3.172165, 50.6941]",LES GOBELINS,"32, RUE DE LA COMMUNAUTÉ URBAINE",,ROUBAIX,RÉFORMÉ,AVEC TPE,12,0,DÉCONNECTÉ,3.172165,50.6941,2022-11-29T10:47:16.198+00:00
Feature,ilevia:vlille_temps_reel,vlille_temps_reel.228,Point,geom,EPSG:4326,"[3.180779, 50.69535]",PELLART,"15, RUE PELLART",,ROUBAIX,RÉFORMÉ,AVEC TPE,7,0,DÉCONNECTÉ,3.180779,50.69535,2022-11-29T10:47:16.199+00:00
Feature,ilevia:vlille_temps_reel,vlille_temps_reel.231,Point,geom,EPSG:4326,"[3.177179, 50.689762]",MOTTE BOSSUT,ROND POINT DE L'EUROPE,,ROUBAIX,RÉFORMÉ,AVEC TPE,10,0,DÉCONNECTÉ,3.177179,50.689762,2022-11-29T10:47:16.199+00:00
Feature,ilevia:vlille_temps_reel,vlille_temps_reel.233,Point,geom,EPSG:4326,"[3.172654, 50.702026]",RUE DE TOURCOING,RUE DE TOURCOING (SUR LA PARKING GRDF),,ROUBAIX,RÉFORMÉ,AVEC TPE,16,0,DÉCONNECTÉ,3.172654,50.702026,2022-11-29T10:47:16.199+00:00
Feature,ilevia:vlille_temps_reel,vlille_temps_reel.262,Point,geom,EPSG:4326,"[3.215011, 50.701187]",WATTRELOS PLACE,"2-10, D660",,WATTRELOS,RÉFORMÉ,AVEC TPE,1,0,DÉCONNECTÉ,3.215011,50.701187,2022-11-29T10:47:16.201+00:00
Feature,ilevia:vlille_temps_reel,vlille_temps_reel.263,Point,geom,EPSG:4326,"[3.209156, 50.69626]",STALINGRAD,38-4 RUE DE STALINGRAD,,WATTRELOS,RÉFORMÉ,AVEC TPE,1,0,DÉCONNECTÉ,3.209156,50.69626,2022-11-29T10:47:16.201+00:00
Feature,ilevia:vlille_temps_reel,vlille_temps_reel.264,Point,geom,EPSG:4326,"[3.206297, 50.697895]",REPUBLIQUE,203 RUE CARNOT,,WATTRELOS,RÉFORMÉ,AVEC TPE,0,0,DÉCONNECTÉ,3.206297,50.697895,2022-11-29T10:47:16.201+00:00
Feature,ilevia:vlille_temps_reel,vlille_temps_reel.59,Point,geom,EPSG:4326,"[3.077127, 50.622223]",BELFORT,84 RUE DE TREVISE,,LILLE,RÉFORMÉ,AVEC TPE,1,0,DÉCONNECTÉ,3.077127,50.622223,2022-11-29T10:47:16.205+00:00
Feature,ilevia:vlille_temps_reel,vlille_temps_reel.87,Point,geom,EPSG:4326,"[3.110669, 50.632393]",JULES GUESDE,RUE ST ELOI,,LILLE HELLEMMES,RÉFORMÉ,AVEC TPE,0,0,DÉCONNECTÉ,3.110669,50.632393,2022-11-29T10:47:16.207+00:00
Feature,ilevia:vlille_temps_reel,vlille_temps_reel.89,Point,geom,EPSG:4326,"[3.041299, 50.619312]",BOULEVARD DE METZ,40 BOULEVARD DE METZ,,LILLE,RÉFORMÉ,AVEC TPE,0,0,DÉCONNECTÉ,3.041299,50.619312,2022-11-29T10:47:16.207+00:00
Feature,ilevia:vlille_temps_reel,vlille_temps_reel.92,Point,geom,EPSG:4326,"[3.091106, 50.63665]",RUE DE LA GAITE,9 RUE MARCEAU,,LILLE,RÉFORMÉ,AVEC TPE,0,0,DÉCONNECTÉ,3.091106,50.63665,2022-11-29T10:47:16.207+00:00
Feature,ilevia:vlille_temps_reel,vlille_temps_reel.136,Point,geom,EPSG:4326,"[3.133873, 50.62972]",RUE CHAMBORD,RUE CHAMBORD,,VILLENEUVE D'ASCQ,RÉFORMÉ,AVEC TPE,0,0,DÉCONNECTÉ,3.133873,50.62972,2024-04-18T14:46:09.093+00:00
Feature,ilevia:vlille_temps_reel,vlille_temps_reel.140,Point,geom,EPSG:4326,"[3.144815, 50.623795]",RUE CORNEILLE,RUE CORNEILLE,,VILLENEUVE D'ASCQ,RÉFORMÉ,AVEC TPE,14,0,DÉCONNECTÉ,3.144815,50.623795,2024-04-18T14:46:09.093+00:00
Feature,ilevia:vlille_temps_reel,vlille_temps_reel.235,Point,geom,EPSG:4326,"[3.16713, 50.696327]",BLANCHEMAILLE,AVENUE DES NATIONS UNIES,,ROUBAIX,RÉFORMÉ,AVEC TPE,0,0,DÉCONNECTÉ,3.16713,50.696327,2024-04-18T14:46:09.094+00:00
Feature,ilevia:vlille_temps_reel,vlille_temps_reel.275,Point,geom,EPSG:4326,"[3.198101, 50.665946]",LAËNNEC,31 bis rue des Écoles,,Hem,RÉFORMÉ,AVEC TPE,3,0,DÉCONNECTÉ,3.198101,50.665946,2024-12-03T14:11:14.896+00:00
Feature,ilevia:vlille_temps_reel,vlille_temps_reel.2,Point,geom,EPSG:4326,"[3.046134, 50.632233]",UNIVERSITE CATHOLIQUE,64 Boulevard Vauban,,Lille,EN SERVICE,AVEC TPE,17,14,CONNECTÉ,3.046134,50.632233,2025-09-06T09:27:12.956+00:00
Feature,ilevia:vlille_temps_reel,vlille_temps_reel.3,Point,geom,EPSG:4326,"[3.050447, 50.636093]",JARDIN VAUBAN,19 Boulevard Vauban,,Lille,IN_MAINTENANCE,AVEC TPE,18,0,DÉCONNECTÉ,3.050447,50.636093,2025-09-06T09:27:12.957+00:00
Feature,ilevia:vlille_temps_reel,vlille_temps_reel.4,Point,geom,EPSG:4326,"[3.048961, 50.624695]",MAISON FOLIE WAZEMMES,11 Rue de l'Hôpital Saint-Roch,,Lille,EN SERVICE,AVEC TPE,12,8,CONNECTÉ,3.048961,50.624695,2025-09-06T09:27:12.957+00:00
Feature,ilevia:vlille_temps_reel,vlille_temps_reel.5,Point,geom,EPSG:4326,"[3.054738, 50.63156]",MASSENA,87 Rue Masséna,,Lille,EN SERVICE,AVEC TPE,40,0,CONNECTÉ,3.054738,50.63156,2025-09-06T09:27:12.958+00:00
Feature,ilevia:vlille_temps_reel,vlille_temps_reel.6,Point,geom,EPSG:4326,"[3.060777, 50.630937]",REPUBLIQUE BEAUX ARTS,8 Place de la République,,Lille,IN_MAINTENANCE,AVEC TPE,32,0,DÉCONNECTÉ,3.060777,50.630937,2025-09-06T09:27:12.958+00:00
Feature,ilevia:vlille_temps_reel,vlille_temps_reel.7,Point,geom,EPSG:4326,"[3.055307, 50.633728]",PLACE DE STRASBOURG,7 Place de Strasbourg,,Lille,IN_MAINTENANCE,AVEC TPE,16,0,DÉCONNECTÉ,3.055307,50.633728,2025-09-06T09:27:12.958+00:00
Feature,ilevia:vlille_temps_reel,vlille_temps_reel.8,Point,geom,EPSG:4326,"[3.062313, 50.632366]",PLACE RICHEBE,3 place Richebé,,Lille,IN_MAINTENANCE,AVEC TPE,40,0,DÉCONNECTÉ,3.062313,50.632366,2025-09-06T09:27:12.959+00:00
Feature,ilevia:vlille_temps_reel,vlille_temps_reel.9,Point,geom,EPSG:4326,"[3.044986, 50.63393]",RUE DE TOUL,18 rue de Toul,,Lille,EN SERVICE,AVEC TPE,24,12,CONNECTÉ,3.044986,50.63393,2025-09-06T09:27:12.959+00:00
Feature,ilevia:vlille_temps_reel,vlille_temps_reel.10,Point,geom,EPSG:4326,"[3.062471, 50.63589]",RIHOUR,28 place Rihour,,Lille,EN SERVICE,AVEC TPE,32,0,CONNECTÉ,3.062471,50.63589,2025-09-06T09:27:12.960+00:00
Feature,ilevia:vlille_temps_reel,vlille_temps_reel.11,Point,geom,EPSG:4326,"[3.060977, 50.63734]",NOUVEAU SIECLE,16 rue de Pas,,Lille,EN SERVICE,AVEC TPE,32,0,CONNECTÉ,3.060977,50.63734,2025-09-06T09:27:12.960+00:00
Feature,ilevia:vlille_temps_reel,vlille_temps_reel.12,Point,geom,EPSG:4326,"[3.065902, 50.637486]",OPERA,2 rue Anatole France,,Lille,EN SERVICE,AVEC TPE,25,0,CONNECTÉ,3.065902,50.637486,2025-09-06T09:27:12.960+00:00
Feature,ilevia:vlille_temps_reel,vlille_temps_reel.13,Point,geom,EPSG:4326,"[3.054773, 50.63671]",QUAI DU WAULT,17 Square Dutilleul,,Lille,IN_MAINTENANCE,AVEC TPE,18,0,DÉCONNECTÉ,3.054773,50.63671,2025-09-06T09:27:12.961+00:00
Feature,ilevia:vlille_temps_reel,vlille_temps_reel.14,Point,geom,EPSG:4326,"[3.050661, 50.63778]",CHAMP DE MARS,Pont de la Citadelle / Square Daubenton,,Lille,IN_MAINTENANCE,AVEC TPE,40,0,DÉCONNECTÉ,3.050661,50.63778,2025-09-06T09:27:12.961+00:00
Feature,ilevia:vlille_temps_reel,vlille_temps_reel.15,Point,geom,EPSG:4326,"[3.050645, 50.6449]",ESPLANADE,Pont du Petit Paradis,,Lille,IN_MAINTENANCE,AVEC TPE,24,0,DÉCONNECTÉ,3.050645,50.6449,2025-09-06T09:27:12.962+00:00
Feature,ilevia:vlille_temps_reel,vlille_temps_reel.16,Point,geom,EPSG:4326,"[3.053499, 50.646225]",MAGASIN,4 place Saint-André,,Lille,EN SERVICE,AVEC TPE,6,10,CONNECTÉ,3.053499,50.646225,2025-09-06T09:27:12.962+00:00
Feature,ilevia:vlille_temps_reel,vlille_temps_reel.17,Point,geom,EPSG:4326,"[3.060867, 50.644695]",HALLE AUX SUCRES,33 avenue du Peuple Belge,,Lille,IN_MAINTENANCE,AVEC TPE,19,0,DÉCONNECTÉ,3.060867,50.644695,2025-09-06T09:27:12.962+00:00
Feature,ilevia:vlille_temps_reel,vlille_temps_reel.18,Point,geom,EPSG:4326,"[3.055932, 50.6428]",VOLTAIRE,91 Rue Royale,,Lille,EN SERVICE,AVEC TPE,6,8,CONNECTÉ,3.055932,50.6428,2025-09-06T09:27:12.995+00:00
Feature,ilevia:vlille_temps_reel,vlille_temps_reel.19,Point,geom,EPSG:4326,"[3.05774, 50.64031]",RUE ROYALE,40 rue Royale,,Lille,EN SERVICE,AVEC TPE,24,0,CONNECTÉ,3.05774,50.64031,2025-09-06T09:27:12.995+00:00
Feature,ilevia:vlille_temps_reel,vlille_temps_reel.20,Point,geom,EPSG:4326,"[3.062053, 50.640385]",N.D. DE LA TREILLE,11 place Gilleson,,Lille,EN SERVICE,AVEC TPE,30,0,CONNECTÉ,3.062053,50.640385,2025-09-06T09:27:12.995+00:00
Feature,ilevia:vlille_temps_reel,vlille_temps_reel.21,Point,geom,EPSG:4326,"[3.061774, 50.64193]",PLACE DU CONCERT,2 rue Alphonse Colas,,Lille,EN SERVICE,AVEC TPE,19,0,CONNECTÉ,3.061774,50.64193,2025-09-06T09:27:12.996+00:00
Feature,ilevia:vlille_temps_reel,vlille_temps_reel.22,Point,geom,EPSG:4326,"[3.064974, 50.64144]",LOUISE DE BETTIGNIES,2 avenue du Peuple Belge,,Lille,EN SERVICE,AVEC TPE,30,0,CONNECTÉ,3.064974,50.64144,2025-09-06T09:27:12.996+00:00
Feature,ilevia:vlille_temps_reel,vlille_temps_reel.23,Point,geom,EPSG:4326,"[3.065767, 50.639107]",RUE DES ARTS,55 rue des Arts,,Lille,IN_MAINTENANCE,AVEC TPE,18,0,DÉCONNECTÉ,3.065767,50.639107,2025-09-06T09:27:12.997+00:00
Feature,ilevia:vlille_temps_reel,vlille_temps_reel.24,Point,geom,EPSG:4326,"[3.070774, 50.637078]",FLANDRES EURALILLE,Place des Buisses,,Lille,IN_MAINTENANCE,AVEC TPE,40,0,DÉCONNECTÉ,3.070774,50.637078,2025-09-06T09:27:12.997+00:00
Feature,ilevia:vlille_temps_reel,vlille_temps_reel.25,Point,geom,EPSG:4326,"[3.069354, 50.636399]",GARE LILLE FLANDRES,Place de la Gare,,Lille,IN_MAINTENANCE,AVEC TPE,32,0,DÉCONNECTÉ,3.069354,50.636399,2025-09-06T09:27:12.997+00:00
Feature,ilevia:vlille_temps_reel,vlille_temps_reel.26,Point,geom,EPSG:4326,"[3.068097, 50.63458]",MOLINEL,54 rue du Molinel,,Lille,IN_MAINTENANCE,AVEC TPE,22,0,DÉCONNECTÉ,3.068097,50.63458,2025-09-06T09:27:12.998+00:00
Feature,ilevia:vlille_temps_reel,vlille_temps_reel.27,Point,geom,EPSG:4326,"[3.064802, 50.635014]",TANNEURS,5 rue des Tanneurs,,Lille,EN SERVICE,AVEC TPE,36,0,CONNECTÉ,3.064802,50.635014,2025-09-06T09:27:12.998+00:00
Feature,ilevia:vlille_temps_reel,vlille_temps_reel.28,Point,geom,EPSG:4326,"[3.048936, 50.634297]",PALAIS RAMEAU,60 rue Solférino,,Lille,EN SERVICE,AVEC TPE,12,28,CONNECTÉ,3.048936,50.634297,2025-09-06T09:27:12.999+00:00
Feature,ilevia:vlille_temps_reel,vlille_temps_reel.29,Point,geom,EPSG:4326,"[3.059376, 50.647236]",ST SEBASTIEN,52 rue Saint-Sébastien,,Lille,EN SERVICE,AVEC TPE,20,8,CONNECTÉ,3.059376,50.647236,2025-09-06T09:27:12.999+00:00
Feature,ilevia:vlille_temps_reel,vlille_temps_reel.30,Point,geom,EPSG:4326,"[3.067375, 50.64297]",RUE DE GAND,8 place de Gand,,Lille,EN SERVICE,AVEC TPE,19,0,CONNECTÉ,3.067375,50.64297,2025-09-06T09:27:12.999+00:00
Feature,ilevia:vlille_temps_reel,vlille_temps_reel.31,Point,geom,EPSG:4326,"[3.062935, 50.644264]",PONT NEUF,38 bis rue du Pont Neuf,,Lille,EN SERVICE,AVEC TPE,10,10,CONNECTÉ,3.062935,50.644264,2025-09-06T09:27:13.000+00:00
Feature,ilevia:vlille_temps_reel,vlille_temps_reel.32,Point,geom,EPSG:4326,"[3.067873, 50.64142]",PLACE AUX BLEUETS,15 place aux Bleuets,,Lille,EN SERVICE,AVEC TPE,11,5,CONNECTÉ,3.067873,50.64142,2025-09-06T09:27:13.000+00:00
Feature,ilevia:vlille_temps_reel,vlille_temps_reel.33,Point,geom,EPSG:4326,"[3.035681, 50.63022]",PORT DE LILLE,Rue de Lille (métro Port de Lille),,Lille,EN SERVICE,AVEC TPE,24,2,CONNECTÉ,3.035681,50.63022,2025-09-06T09:27:13.001+00:00
Feature,ilevia:vlille_temps_reel,vlille_temps_reel.34,Point,geom,EPSG:4326,"[3.041209, 50.63413]",PLACE CATINAT,199 rue Colbert,,Lille,EN SERVICE,AVEC TPE,13,7,CONNECTÉ,3.041209,50.63413,2025-09-06T09:27:13.001+00:00
Feature,ilevia:vlille_temps_reel,vlille_temps_reel.35,Point,geom,EPSG:4326,"[3.043971, 50.629207]",LECLERC,328 Rue de Solférino,,Lille,EN SERVICE,AVEC TPE,25,3,CONNECTÉ,3.043971,50.629207,2025-09-06T09:27:13.001+00:00
Feature,ilevia:vlille_temps_reel,vlille_temps_reel.36,Point,geom,EPSG:4326,"[3.039911, 50.62624]",CORMONTAIGNE,26 place Cormontaigne,,Lille,EN SERVICE,AVEC TPE,19,17,CONNECTÉ,3.039911,50.62624,2025-09-06T09:27:13.002+00:00
Feature,ilevia:vlille_temps_reel,vlille_temps_reel.37,Point,geom,EPSG:4326,"[3.037553, 50.62337]",FULTON,25 rue du Bazinghien,,Lille,EN SERVICE,AVEC TPE,10,2,CONNECTÉ,3.037553,50.62337,2025-09-06T09:27:13.002+00:00
Feature,ilevia:vlille_temps_reel,vlille_temps_reel.38,Point,geom,EPSG:4326,"[3.045321, 50.62429]",PLACE CASQUETTE,1 rue d'Haubourdin,,Lille,EN SERVICE,AVEC TPE,11,7,CONNECTÉ,3.045321,50.62429,2025-09-06T09:27:13.003+00:00
Feature,ilevia:vlille_temps_reel,vlille_temps_reel.39,Point,geom,EPSG:4326,"[3.050173, 50.627674]",MARCHE DE WAZEMMES,298 rue Léon Gambetta,,Lille,IN_MAINTENANCE,AVEC TPE,27,0,DÉCONNECTÉ,3.050173,50.627674,2025-09-06T09:27:13.003+00:00
Feature,ilevia:vlille_temps_reel,vlille_temps_reel.40,Point,geom,EPSG:4326,"[3.051729, 50.62614]",METRO GAMBETTA,43 rue du Marché,,Lille,EN SERVICE,AVEC TPE,18,10,CONNECTÉ,3.051729,50.62614,2025-09-06T09:27:13.003+00:00
Feature,ilevia:vlille_temps_reel,vlille_temps_reel.41,Point,geom,EPSG:4326,"[3.088004, 50.656487]",BUISSON,685 avenue de la République,,Lille,EN SERVICE,AVEC TPE,3,13,CONNECTÉ,3.088004,50.656487,2025-09-06T09:27:13.004+00:00
Feature,ilevia:vlille_temps_reel,vlille_temps_reel.42,Point,geom,EPSG:4326,"[3.06209, 50.62789]",PLACE PHILIPPE LEBON,13 place Phillippe Lebon,,Lille,EN SERVICE,AVEC TPE,5,13,CONNECTÉ,3.06209,50.62789,2025-09-06T09:27:13.004+00:00
Feature,ilevia:vlille_temps_reel,vlille_temps_reel.43,Point,geom,EPSG:4326,"[3.058288, 50.629044]",THEATRE SEBASTOPOL,Place Sébastopol,,Lille,EN SERVICE,AVEC TPE,23,9,CONNECTÉ,3.058288,50.629044,2025-09-06T09:27:13.004+00:00
Feature,ilevia:vlille_temps_reel,vlille_temps_reel.44,Point,geom,EPSG:4326,"[3.053711, 50.629063]",GAMBETTA UTRECHT,203 Rue Léon Gambetta,,Lille,EN SERVICE,AVEC TPE,18,0,CONNECTÉ,3.053711,50.629063,2025-09-06T09:27:13.037+00:00
Feature,ilevia:vlille_temps_reel,vlille_temps_reel.45,Point,geom,EPSG:4326,"[3.05659, 50.62633]",BRULE MAISON,61 Rue des Postes,,Lille,EN SERVICE,AVEC TPE,8,10,CONNECTÉ,3.05659,50.62633,2025-09-06T09:27:13.038+00:00
Feature,ilevia:vlille_temps_reel,vlille_temps_reel.46,Point,geom,EPSG:4326,"[3.061337, 50.626279]",ARTOIS,3 Rue d'Artois,,Lille,EN SERVICE,AVEC TPE,11,7,CONNECTÉ,3.061337,50.626279,2025-09-06T09:27:13.038+00:00
Feature,ilevia:vlille_temps_reel,vlille_temps_reel.47,Point,geom,EPSG:4326,"[3.069797, 50.62816]",BOULEVARD LOUIS XIV,4 Boulevard Louis XIV,,Lille,IN_MAINTENANCE,AVEC TPE,26,0,DÉCONNECTÉ,3.069797,50.62816,2025-09-06T09:27:13.039+00:00
Feature,ilevia:vlille_temps_reel,vlille_temps_reel.48,Point,geom,EPSG:4326,"[3.07241, 50.61843]",PORTE DE DOUAI,Place Fernig,,Lille,EN SERVICE,AVEC TPE,11,15,CONNECTÉ,3.07241,50.61843,2025-09-06T09:27:13.039+00:00
Feature,ilevia:vlille_temps_reel,vlille_temps_reel.49,Point,geom,EPSG:4326,"[3.068387, 50.61957]",PLACE DELIOT,Place Déliot,,Lille,EN SERVICE,AVEC TPE,12,12,CONNECTÉ,3.068387,50.61957,2025-09-06T09:27:13.039+00:00
Feature,ilevia:vlille_temps_reel,vlille_temps_reel.50,Point,geom,EPSG:4326,"[3.067004, 50.62224]",RUE D'ARRAS,87 rue d'Arras,,Lille,EN SERVICE,AVEC TPE,22,3,CONNECTÉ,3.067004,50.62224,2025-09-06T09:27:13.040+00:00
Feature,ilevia:vlille_temps_reel,vlille_temps_reel.51,Point,geom,EPSG:4326,"[3.068689, 50.62482]",JB LEBAS,76 boulevard Jean-Baptiste Lebas,,Lille,IN_MAINTENANCE,AVEC TPE,40,0,DÉCONNECTÉ,3.068689,50.62482,2025-09-06T09:27:13.040+00:00
Feature,ilevia:vlille_temps_reel,vlille_temps_reel.52,Point,geom,EPSG:4326,"[3.063799, 50.62276]",PLACE COLETTE BESSON,37 rue de Wazemmes,,Lille,EN SERVICE,AVEC TPE,21,1,CONNECTÉ,3.063799,50.62276,2025-09-06T09:27:13.040+00:00
Feature,ilevia:vlille_temps_reel,vlille_temps_reel.53,Point,geom,EPSG:4326,"[3.049251, 50.61856]",PORTE DES POSTES,1 place Barthélémy Dorez,,Lille,EN SERVICE,AVEC TPE,26,12,CONNECTÉ,3.049251,50.61856,2025-09-06T09:27:13.049+00:00
Feature,ilevia:vlille_temps_reel,vlille_temps_reel.54,Point,geom,EPSG:4326,"[3.051565, 50.62338]",METRO WAZEMMES,94 rue Racine,,Lille,EN SERVICE,AVEC TPE,16,4,CONNECTÉ,3.051565,50.62338,2025-09-06T09:27:13.049+00:00
Feature,ilevia:vlille_temps_reel,vlille_temps_reel.55,Point,geom,EPSG:4326,"[3.061758, 50.617847]",PORTE D'ARRAS,3 place Jacques Febvrier,,Lille,EN SERVICE,AVEC TPE,23,1,CONNECTÉ,3.061758,50.617847,2025-09-06T09:27:13.050+00:00
Feature,ilevia:vlille_temps_reel,vlille_temps_reel.56,Point,geom,EPSG:4326,"[3.055471, 50.620304]",BD VICTOR HUGO,216 Boulevard Victor Hugo,,Lille,EN SERVICE,AVEC TPE,12,6,CONNECTÉ,3.055471,50.620304,2025-09-06T09:27:13.050+00:00
Feature,ilevia:vlille_temps_reel,vlille_temps_reel.57,Point,geom,EPSG:4326,"[3.058902, 50.62418]",BARTHELEMY DELESPAUL,52 Rue Barthélemy Delespaul,,Lille,EN SERVICE,AVEC TPE,18,0,CONNECTÉ,3.058902,50.62418,2025-09-06T09:27:13.051+00:00
Feature,ilevia:vlille_temps_reel,vlille_temps_reel.58,Point,geom,EPSG:4326,"[3.07895, 50.62073]",PORTE DE VALENCIENNES,1 boulevard de Belfort,,Lille,EN SERVICE,AVEC TPE,14,6,CONNECTÉ,3.07895,50.62073,2025-09-06T09:27:13.051+00:00
Feature,ilevia:vlille_temps_reel,vlille_temps_reel.60,Point,geom,EPSG:4326,"[3.072363, 50.621185]",TREVISE,116 Rue de Douai,,Lille,EN SERVICE,AVEC TPE,12,8,CONNECTÉ,3.072363,50.621185,2025-09-06T09:27:13.051+00:00
Feature,ilevia:vlille_temps_reel,vlille_temps_reel.61,Point,geom,EPSG:4326,"[3.075218, 50.629246]",LILLE GRAND PALAIS,15 boulevard du Maréchal Vaillant,,Lille,EN SERVICE,AVEC TPE,15,9,CONNECTÉ,3.075218,50.629246,2025-09-06T09:27:13.051+00:00
Feature,ilevia:vlille_temps_reel,vlille_temps_reel.62,Point,geom,EPSG:4326,"[3.076437, 50.632965]",ZENITH,Boulevard Émile Dubuisson (face au Zénith),,Lille,EN SERVICE,AVEC TPE,17,13,CONNECTÉ,3.076437,50.632965,2025-09-06T09:27:13.052+00:00
Feature,ilevia:vlille_temps_reel,vlille_temps_reel.63,Point,geom,EPSG:4326,"[3.078224, 50.629738]",HOTEL DE REGION,151 Avenue du Président Hoover,,Lille,EN SERVICE,AVEC TPE,16,16,CONNECTÉ,3.078224,50.629738,2025-09-06T09:27:13.052+00:00
Feature,ilevia:vlille_temps_reel,vlille_temps_reel.64,Point,geom,EPSG:4326,"[3.071392, 50.6318]",MAIRIE DE LILLE,17 rue Saint-Sauveur,,Lille,EN SERVICE,AVEC TPE,20,0,CONNECTÉ,3.071392,50.6318,2025-09-06T09:27:13.052+00:00
Feature,ilevia:vlille_temps_reel,vlille_temps_reel.65,Point,geom,EPSG:4326,"[3.035483, 50.621128]",PLACE TACQ,72 Rue de Loos,,Lille,EN SERVICE,AVEC TPE,8,10,CONNECTÉ,3.035483,50.621128,2025-09-06T09:27:13.057+00:00
Feature,ilevia:vlille_temps_reel,vlille_temps_reel.66,Point,geom,EPSG:4326,"[3.066273, 50.63237]",DELESALLE MEDIATHEQUE,35 Rue Édouard Delesalle,,Lille,IN_MAINTENANCE,AVEC TPE,18,0,DÉCONNECTÉ,3.066273,50.63237,2025-09-06T09:27:13.057+00:00
Feature,ilevia:vlille_temps_reel,vlille_temps_reel.67,Point,geom,EPSG:4326,"[3.04534, 50.621952]",MONTEBELLO,126 Boulevard Montebello,,Lille,EN SERVICE,AVEC TPE,13,11,CONNECTÉ,3.04534,50.621952,2025-09-06T09:27:13.058+00:00
Feature,ilevia:vlille_temps_reel,vlille_temps_reel.68,Point,geom,EPSG:4326,"[3.047778, 50.630836]",NATIONALE RUE DU PORT,254 Rue Nationale,,Lille,EN SERVICE,AVEC TPE,12,12,CONNECTÉ,3.047778,50.630836,2025-09-06T09:27:13.058+00:00
Feature,ilevia:vlille_temps_reel,vlille_temps_reel.69,Point,geom,EPSG:4326,"[3.032539, 50.61893]",CHASSEURS DE DRIANT,11 Avenue Verhaeren,,Lille,EN SERVICE,AVEC TPE,15,7,CONNECTÉ,3.032539,50.61893,2025-09-06T09:27:13.058+00:00
Feature,ilevia:vlille_temps_reel,vlille_temps_reel.70,Point,geom,EPSG:4326,"[3.073991, 50.63424]",CITE ADMINISTRATIVE,51 rue de Tournai,,Lille,EN SERVICE,AVEC TPE,16,0,CONNECTÉ,3.073991,50.63424,2025-09-06T09:27:13.059+00:00
Feature,ilevia:vlille_temps_reel,vlille_temps_reel.71,Point,geom,EPSG:4326,"[3.030778, 50.634045]",BOIS BLANCS,124 Avenue de Dunkerque,,Lille,EN SERVICE,AVEC TPE,12,10,CONNECTÉ,3.030778,50.634045,2025-09-06T09:27:13.059+00:00
Feature,ilevia:vlille_temps_reel,vlille_temps_reel.72,Point,geom,EPSG:4326,"[3.024314, 50.637302]",CANTELEU,235 avenue de Dunkerque,,Lille,EN SERVICE,AVEC TPE,9,9,CONNECTÉ,3.024314,50.637302,2025-09-06T09:27:13.059+00:00
Feature,ilevia:vlille_temps_reel,vlille_temps_reel.73,Point,geom,EPSG:4326,"[3.087979, 50.642315]",ST MAURICE PELLEVOISIN,203 rue du Faubourg de Roubaix,,Lille,EN SERVICE,AVEC TPE,17,7,CONNECTÉ,3.087979,50.642315,2025-09-06T09:27:13.060+00:00
Feature,ilevia:vlille_temps_reel,vlille_temps_reel.74,Point,geom,EPSG:4326,"[3.083175, 50.641238]",FAUBOURG DE ROUBAIX,110 rue du Faubourg de Roubaix,,Lille,EN SERVICE,AVEC TPE,20,0,CONNECTÉ,3.083175,50.641238,2025-09-06T09:27:13.060+00:00
Feature,ilevia:vlille_temps_reel,vlille_temps_reel.75,Point,geom,EPSG:4326,"[3.084894, 50.637337]",EUGENE JACQUET,78 rue Eugène Jacquet,,Lille,EN SERVICE,AVEC TPE,18,3,CONNECTÉ,3.084894,50.637337,2025-09-06T09:27:13.060+00:00
Feature,ilevia:vlille_temps_reel,vlille_temps_reel.76,Point,geom,EPSG:4326,"[3.089651, 50.632996]",FIVES,123 rue Pierre Legrand,,Lille,EN SERVICE,AVEC TPE,9,15,CONNECTÉ,3.089651,50.632996,2025-09-06T09:27:13.060+00:00
Feature,ilevia:vlille_temps_reel,vlille_temps_reel.77,Point,geom,EPSG:4326,"[3.0914, 50.62286]",MONT DE TERRE,5 rue Mattéotti,,Lille,EN SERVICE,AVEC TPE,13,5,CONNECTÉ,3.0914,50.62286,2025-09-06T09:27:13.061+00:00
Feature,ilevia:vlille_temps_reel,vlille_temps_reel.78,Point,geom,EPSG:4326,"[3.048518, 50.615536]",HOTEL DE POLICE,2 rue du Faubourg des Postes,,Lille,EN SERVICE,AVEC TPE,12,6,CONNECTÉ,3.048518,50.615536,2025-09-06T09:27:13.061+00:00
Feature,ilevia:vlille_temps_reel,vlille_temps_reel.79,Point,geom,EPSG:4326,"[3.047268, 50.61295]",CIMETIERE DU SUD,Place Martin Luther King,,Lille,EN SERVICE,AVEC TPE,7,13,CONNECTÉ,3.047268,50.61295,2025-09-06T09:27:13.061+00:00
Feature,ilevia:vlille_temps_reel,vlille_temps_reel.80,Point,geom,EPSG:4326,"[3.084357, 50.61989]",PETIT MAROC,Rue du Professeur Langevin (entrée du BTWIN Village),,Lille,EN SERVICE,AVEC TPE,19,11,CONNECTÉ,3.084357,50.61989,2025-09-06T09:27:13.062+00:00
Feature,ilevia:vlille_temps_reel,vlille_temps_reel.81,Point,geom,EPSG:4326,"[3.115088, 50.63529]",GUINGUETTE,208 rue Corneille,,Hellemmes,EN SERVICE,AVEC TPE,1,8,CONNECTÉ,3.115088,50.63529,2025-09-06T09:27:13.062+00:00
Feature,ilevia:vlille_temps_reel,vlille_temps_reel.82,Point,geom,EPSG:4326,"[3.075204, 50.63999]",GARE LILLE EUROPE,309 boulevard de Leeds,,Lille,EN SERVICE,AVEC TPE,28,4,CONNECTÉ,3.075204,50.63999,2025-09-06T09:27:13.062+00:00
Feature,ilevia:vlille_temps_reel,vlille_temps_reel.83,Point,geom,EPSG:4326,"[3.02059, 50.63378]",EURATECHNOLOGIES,175 avenue de Bretagne,,Lille,EN SERVICE,AVEC TPE,14,10,CONNECTÉ,3.02059,50.63378,2025-09-06T09:27:13.063+00:00
Feature,ilevia:vlille_temps_reel,vlille_temps_reel.84,Point,geom,EPSG:4326,"[3.109266, 50.627243]",MAIRIE D'HELLEMMES,165 rue Roger Salengro,,Hellemmes,EN SERVICE,AVEC TPE,5,19,CONNECTÉ,3.109266,50.627243,2025-09-06T09:27:13.079+00:00
Feature,ilevia:vlille_temps_reel,vlille_temps_reel.85,Point,geom,EPSG:4326,"[3.1008, 50.62504]",CHANZY,102 rue Chanzy,,Hellemmes,EN SERVICE,AVEC TPE,2,10,CONNECTÉ,3.1008,50.62504,2025-09-06T09:27:13.079+00:00
Feature,ilevia:vlille_temps_reel,vlille_temps_reel.86,Point,geom,EPSG:4326,"[3.10295, 50.62903]",ROGER SALENGRO,58 rue Roger Salengro,,Hellemmes,EN SERVICE,AVEC TPE,4,8,CONNECTÉ,3.10295,50.62903,2025-09-06T09:27:13.079+00:00
Feature,ilevia:vlille_temps_reel,vlille_temps_reel.88,Point,geom,EPSG:4326,"[3.058015, 50.635082]",RUE NATIONALE,89 rue Nationale,,Lille,IN_MAINTENANCE,AVEC TPE,30,0,DÉCONNECTÉ,3.058015,50.635082,2025-09-06T09:27:13.080+00:00
Feature,ilevia:vlille_temps_reel,vlille_temps_reel.90,Point,geom,EPSG:4326,"[3.0858226, 50.64569]",LOUVIERE,94 rue de la Louvière,,Lille,EN SERVICE,AVEC TPE,10,10,CONNECTÉ,3.0858226,50.64569,2025-09-06T09:27:13.080+00:00
Feature,ilevia:vlille_temps_reel,vlille_temps_reel.91,Point,geom,EPSG:4326,"[3.095958, 50.63417]",SQUARE DES MERES,74 rue de Lannoy,,Lille,EN SERVICE,AVEC TPE,11,13,CONNECTÉ,3.095958,50.63417,2025-09-06T09:27:13.080+00:00
Feature,ilevia:vlille_temps_reel,vlille_temps_reel.93,Point,geom,EPSG:4326,"[3.088147, 50.628918]",STADE BALLET,81 rue du Long Pot,,Lille,EN SERVICE,AVEC TPE,8,10,CONNECTÉ,3.088147,50.628918,2025-09-06T09:27:13.081+00:00
Feature,ilevia:vlille_temps_reel,vlille_temps_reel.94,Point,geom,EPSG:4326,"[3.033977, 50.63579]",MARX DORMOY,36 avenue Marx Dormoy (sur le parking de la pisicne),,Lille,EN SERVICE,AVEC TPE,13,11,CONNECTÉ,3.033977,50.63579,2025-09-06T09:27:13.081+00:00
Feature,ilevia:vlille_temps_reel,vlille_temps_reel.95,Point,geom,EPSG:4326,"[3.097037, 50.63041]",MARBRERIE,280 rue Pierre Legrand,,Hellemmes,EN SERVICE,AVEC TPE,5,13,CONNECTÉ,3.097037,50.63041,2025-09-06T09:27:13.081+00:00
Feature,ilevia:vlille_temps_reel,vlille_temps_reel.96,Point,geom,EPSG:4326,"[3.075116, 50.64543]",ROMARIN,92 Avenue de la République,,La Madeleine,EN SERVICE,AVEC TPE,12,15,CONNECTÉ,3.075116,50.64543,2025-09-06T09:27:13.082+00:00
Feature,ilevia:vlille_temps_reel,vlille_temps_reel.97,Point,geom,EPSG:4326,"[3.074057, 50.65937]",LA MADELEINE GARE,250 Rue du Général de Gaulle,,La Madeleine,EN SERVICE,AVEC TPE,8,9,CONNECTÉ,3.074057,50.65937,2025-09-06T09:27:13.082+00:00
Feature,ilevia:vlille_temps_reel,vlille_temps_reel.98,Point,geom,EPSG:4326,"[3.068756, 50.6549]",PLACE DU MARCHE,Place des Fusillés et Déportés,,La Madeleine,EN SERVICE,AVEC TPE,18,6,CONNECTÉ,3.068756,50.6549,2025-09-06T09:27:13.082+00:00
Feature,ilevia:vlille_temps_reel,vlille_temps_reel.99,Point,geom,EPSG:4326,"[3.073805, 50.654602]",LA MADELEINE MAIRIE,160 rue du Général de Gaulle,,La Madeleine,EN SERVICE,AVEC TPE,15,9,CONNECTÉ,3.073805,50.654602,2025-09-06T09:27:13.083+00:00
Feature,ilevia:vlille_temps_reel,vlille_temps_reel.100,Point,geom,EPSG:4326,"[3.081625, 50.651638]",SAINT MAUR,260 Avenue de la République,,La Madeleine,EN SERVICE,AVEC TPE,9,15,CONNECTÉ,3.081625,50.651638,2025-09-06T09:27:13.083+00:00
Feature,ilevia:vlille_temps_reel,vlille_temps_reel.101,Point,geom,EPSG:4326,"[3.099291, 50.6423]",MONS SARTS,61 Avenue Émile Zola,,Mons en Barœul,EN SERVICE,AVEC TPE,15,9,CONNECTÉ,3.099291,50.6423,2025-09-06T09:27:13.083+00:00
Feature,ilevia:vlille_temps_reel,vlille_temps_reel.102,Point,geom,EPSG:4326,"[3.109699, 50.64218]",MAIRIE DE MONS,27 Avenue Robert Schuman,,Mons en Barœul,EN SERVICE,AVEC TPE,11,5,CONNECTÉ,3.109699,50.64218,2025-09-06T09:27:13.084+00:00
Feature,ilevia:vlille_temps_reel,vlille_temps_reel.103,Point,geom,EPSG:4326,"[3.106677, 50.639828]",LACORDAIRE,20 Rue Lacordaire,,Mons en Barœul,EN SERVICE,AVEC TPE,2,14,CONNECTÉ,3.106677,50.639828,2025-09-06T09:27:13.084+00:00
Feature,ilevia:vlille_temps_reel,vlille_temps_reel.104,Point,geom,EPSG:4326,"[3.112744, 50.64584]",MENDES FRANCE,22 boulevard Pierre Mendès France,,Mons en Baroeul,EN SERVICE,AVEC TPE,14,4,CONNECTÉ,3.112744,50.64584,2025-09-06T09:27:13.084+00:00
Feature,ilevia:vlille_temps_reel,vlille_temps_reel.107,Point,geom,EPSG:4326,"[3.106438, 50.636105]",LAVOISIER,5 Rue Laurent Lavoisier,,Mons en Barœul,EN SERVICE,AVEC TPE,1,11,CONNECTÉ,3.106438,50.636105,2025-09-06T09:27:13.085+00:00
Feature,ilevia:vlille_temps_reel,vlille_temps_reel.108,Point,geom,EPSG:4326,"[3.100516, 50.645267]",GENERAL DE GAULLE,113 rue du Général de Gaulle,,Mons en Baroeul,EN SERVICE,AVEC TPE,14,6,CONNECTÉ,3.100516,50.645267,2025-09-06T09:27:13.085+00:00
Feature,ilevia:vlille_temps_reel,vlille_temps_reel.110,Point,geom,EPSG:4326,"[3.034234, 50.62487]",RUE BONTE-POLLET,11 rue Bonte Pollet,,Lille,EN SERVICE,AVEC TPE,9,7,CONNECTÉ,3.034234,50.62487,2025-09-06T09:27:13.085+00:00
Feature,ilevia:vlille_temps_reel,vlille_temps_reel.111,Point,geom,EPSG:4326,"[3.116677, 50.62486]",HELLEMMES CIMETIERE,320 rue Roger Salengro,,Hellemmes,EN SERVICE,AVEC TPE,6,6,CONNECTÉ,3.116677,50.62486,2025-09-06T09:27:13.085+00:00
Feature,ilevia:vlille_temps_reel,vlille_temps_reel.113,Point,geom,EPSG:4326,"[3.08945, 50.651337]",AVENUE DE MORMAL,16 Rue du Buisson,,Lille,EN SERVICE,AVEC TPE,8,10,CONNECTÉ,3.08945,50.651337,2025-09-06T09:27:13.086+00:00
Feature,ilevia:vlille_temps_reel,vlille_temps_reel.114,Point,geom,EPSG:4326,"[3.079211, 50.62651]",BOIS HABITE,Face au 533 avenue du Président Hoover,,Lille,EN SERVICE,AVEC TPE,8,9,CONNECTÉ,3.079211,50.62651,2025-09-06T09:27:13.086+00:00
Feature,ilevia:vlille_temps_reel,vlille_temps_reel.115,Point,geom,EPSG:4326,"[3.072316, 50.651497]",DE GAULLE,85 rue du Général de Gaulle,,La Madeleine,EN SERVICE,AVEC TPE,12,6,CONNECTÉ,3.072316,50.651497,2025-09-06T09:27:13.086+00:00
Feature,ilevia:vlille_temps_reel,vlille_temps_reel.116,Point,geom,EPSG:4326,"[3.078336, 50.64891]",BOTANIQUE,185 Avenue de la République,,La Madeleine,EN SERVICE,AVEC TPE,11,5,CONNECTÉ,3.078336,50.64891,2025-09-06T09:27:13.087+00:00
Feature,ilevia:vlille_temps_reel,vlille_temps_reel.117,Point,geom,EPSG:4326,"[3.031375, 50.641617]",HIPPODROME,9 avenue Henri Gruson,,Lambersart,EN SERVICE,AVEC TPE,14,7,CONNECTÉ,3.031375,50.641617,2025-09-06T09:27:13.087+00:00
Feature,ilevia:vlille_temps_reel,vlille_temps_reel.119,Point,geom,EPSG:4326,"[3.018803, 50.640957]",LOMME-LAMBERSART,388 Avenue de Dunkerque,,Lambersart,EN SERVICE,AVEC TPE,15,3,CONNECTÉ,3.018803,50.640957,2025-09-06T09:27:13.087+00:00
Feature,ilevia:vlille_temps_reel,vlille_temps_reel.120,Point,geom,EPSG:4326,"[3.01154, 50.63899]",LOMME MAIRIE,72 avenue de la République,,Lomme,EN SERVICE,AVEC TPE,10,8,CONNECTÉ,3.01154,50.63899,2025-09-06T09:27:13.088+00:00
Feature,ilevia:vlille_temps_reel,vlille_temps_reel.121,Point,geom,EPSG:4326,"[3.013238, 50.644855]",PONT SUPERIEUR,518 Avenue de Dunkerque,,Lomme,EN SERVICE,AVEC TPE,2,14,CONNECTÉ,3.013238,50.644855,2025-09-06T09:27:13.088+00:00
Feature,ilevia:vlille_temps_reel,vlille_temps_reel.122,Point,geom,EPSG:4326,"[3.087591, 50.666033]",PISCINE DE MARCQ,319 Avenue du Maréchal De Lattre De Tassigny,,Marcq en Barœul,EN SERVICE,AVEC TPE,6,10,CONNECTÉ,3.087591,50.666033,2025-09-06T09:27:13.088+00:00
Feature,ilevia:vlille_temps_reel,vlille_temps_reel.123,Point,geom,EPSG:4326,"[3.075792, 50.665348]",RUE DE L'EGLISE,71 rue Nationale,,Marcq en Baroeul,EN SERVICE,AVEC TPE,11,6,CONNECTÉ,3.075792,50.665348,2025-09-06T09:27:13.089+00:00
Feature,ilevia:vlille_temps_reel,vlille_temps_reel.124,Point,geom,EPSG:4326,"[3.096235, 50.6618]",CLEMENCEAU HIPPODROME,920 Avenue de la République,,Marcq en Barœul,EN SERVICE,AVEC TPE,8,10,CONNECTÉ,3.096235,50.6618,2025-09-06T09:27:13.090+00:00
Feature,ilevia:vlille_temps_reel,vlille_temps_reel.125,Point,geom,EPSG:4326,"[3.118579, 50.643883]",FORT DE MONS,11 Rue de Normandie,,Mons en Barœul,IN_MAINTENANCE,AVEC TPE,0,0,DÉCONNECTÉ,3.118579,50.643883,2025-09-06T09:27:13.090+00:00
Feature,ilevia:vlille_temps_reel,vlille_temps_reel.130,Point,geom,EPSG:4326,"[3.1283, 50.62435]",PONT DE BOIS,20 rue Baudouin IX (métro Pont de Bois),,Villeneuve d'Ascq,EN SERVICE,AVEC TPE,15,15,CONNECTÉ,3.1283,50.62435,2025-09-06T09:27:13.090+00:00
Feature,ilevia:vlille_temps_reel,vlille_temps_reel.131,Point,geom,EPSG:4326,"[3.13197, 50.619602]",V.ASCQ HOTEL DE VILLE,Place Van Gogh (sur le parking de l'Hôtel de Ville),,Villeneuve d'Ascq,IN_MAINTENANCE,AVEC TPE,25,0,DÉCONNECTÉ,3.13197,50.619602,2025-09-06T09:27:13.091+00:00
Feature,ilevia:vlille_temps_reel,vlille_temps_reel.132,Point,geom,EPSG:4326,"[3.132006, 50.61606]",CENTRE COMMERCIAL V2,51 Boulevard de Valmy,,Villeneuve d'Ascq,EN SERVICE,AVEC TPE,16,3,CONNECTÉ,3.132006,50.61606,2025-09-06T09:27:13.091+00:00
Feature,ilevia:vlille_temps_reel,vlille_temps_reel.133,Point,geom,EPSG:4326,"[3.126501, 50.61915]",BOULEVARD DE VALMY,233 boulevard de Valmy,,Villeneuve d'Ascq,EN SERVICE,AVEC TPE,6,12,CONNECTÉ,3.126501,50.61915,2025-09-06T09:27:13.091+00:00
Feature,ilevia:vlille_temps_reel,vlille_temps_reel.135,Point,geom,EPSG:4326,"[3.123145, 50.63745]",FLERS MASQUELIER,95 Rue Jules Guesde,,Villeneuve d'Ascq,EN SERVICE,AVEC TPE,8,16,CONNECTÉ,3.123145,50.63745,2025-09-06T09:27:13.091+00:00
Feature,ilevia:vlille_temps_reel,vlille_temps_reel.137,Point,geom,EPSG:4326,"[3.126089, 50.615868]",HERON PARC,40 rue de la Vague,,Villeneuve d'Ascq,EN SERVICE,AVEC TPE,26,4,CONNECTÉ,3.126089,50.615868,2025-09-06T09:27:13.092+00:00
Feature,ilevia:vlille_temps_reel,vlille_temps_reel.138,Point,geom,EPSG:4326,"[3.126914, 50.631298]",LADRIERE,53 Rue de Fives,,Villeneuve d'Ascq,EN SERVICE,AVEC TPE,13,7,CONNECTÉ,3.126914,50.631298,2025-09-06T09:27:13.092+00:00
Feature,ilevia:vlille_temps_reel,vlille_temps_reel.139,Point,geom,EPSG:4326,"[3.144714, 50.62577]",RUE DE LILLE,145 rue de Lille,,Villeneuve d'Ascq,EN SERVICE,AVEC TPE,8,8,CONNECTÉ,3.144714,50.62577,2025-09-06T09:27:13.092+00:00
Feature,ilevia:vlille_temps_reel,vlille_temps_reel.141,Point,geom,EPSG:4326,"[3.140808, 50.61682]",METRO TRIOLO,11 rue Traversière,,Villeneuve d'Ascq,EN SERVICE,AVEC TPE,13,11,CONNECTÉ,3.140808,50.61682,2025-09-06T09:27:13.093+00:00
Feature,ilevia:vlille_temps_reel,vlille_temps_reel.142,Point,geom,EPSG:4326,"[3.138207, 50.6206]",TREMIERE,8 Rue Tremiere,,Villeneuve d'Ascq,EN SERVICE,AVEC TPE,6,14,CONNECTÉ,3.138207,50.6206,2025-09-06T09:27:13.093+00:00
Feature,ilevia:vlille_temps_reel,vlille_temps_reel.144,Point,geom,EPSG:4326,"[3.14862, 50.6258]",ANNAPPES REPUBLIQUE,2 rue de la Station,,Villeneuve d'Ascq,EN SERVICE,AVEC TPE,15,9,CONNECTÉ,3.14862,50.6258,2025-09-06T09:27:13.093+00:00
Feature,ilevia:vlille_temps_reel,vlille_temps_reel.146,Point,geom,EPSG:4326,"[3.052483, 50.63268]",SOLFERINO NATIONALE,171 rue Nationale,,Lille,IN_MAINTENANCE,AVEC TPE,19,0,DÉCONNECTÉ,3.052483,50.63268,2025-09-06T09:27:13.094+00:00
Feature,ilevia:vlille_temps_reel,vlille_temps_reel.147,Point,geom,EPSG:4326,"[3.062195, 50.614052]",FAUBOURG D'ARRAS,2 rue Marcel Hénaux,,Lille,EN SERVICE,AVEC TPE,12,4,CONNECTÉ,3.062195,50.614052,2025-09-06T09:27:13.126+00:00
Feature,ilevia:vlille_temps_reel,vlille_temps_reel.148,Point,geom,EPSG:4326,"[3.074952, 50.612194]",P.I. DE DOUAI,79 Rue du Faubourg de Douai,,Lille,EN SERVICE,AVEC TPE,12,8,CONNECTÉ,3.074952,50.612194,2025-09-06T09:27:13.127+00:00
Feature,ilevia:vlille_temps_reel,vlille_temps_reel.149,Point,geom,EPSG:4326,"[3.075483, 50.609592]",JEAN JAURES,778 avenue Jean Jaurès,,Ronchin,EN SERVICE,AVEC TPE,10,7,CONNECTÉ,3.075483,50.609592,2025-09-06T09:27:13.127+00:00
Feature,ilevia:vlille_temps_reel,vlille_temps_reel.150,Point,geom,EPSG:4326,"[3.077622, 50.60548]",RONCHIN MAIRIE,105 avenue Jean Jaurès,,Ronchin,EN SERVICE,AVEC TPE,18,6,CONNECTÉ,3.077622,50.60548,2025-09-06T09:27:13.127+00:00
Feature,ilevia:vlille_temps_reel,vlille_temps_reel.151,Point,geom,EPSG:4326,"[3.072209, 50.60642]",CH. DES MARGUERITOIS,39 chemin des Margueritois,,Ronchin,EN SERVICE,AVEC TPE,9,4,CONNECTÉ,3.072209,50.60642,2025-09-06T09:27:13.128+00:00
Feature,ilevia:vlille_temps_reel,vlille_temps_reel.152,Point,geom,EPSG:4326,"[3.065103, 50.610582]",CHEMIN ROUGE,2 Chemin Rouge,,Faches Thumesnil,EN SERVICE,AVEC TPE,9,7,CONNECTÉ,3.065103,50.610582,2025-09-06T09:27:13.128+00:00
Feature,ilevia:vlille_temps_reel,vlille_temps_reel.153,Point,geom,EPSG:4326,"[3.064989, 50.65547]",POMPIDOU,102 rue du Président Georges Pompidou,,La Madeleine,EN SERVICE,AVEC TPE,15,9,CONNECTÉ,3.064989,50.65547,2025-09-06T09:27:13.128+00:00
Feature,ilevia:vlille_temps_reel,vlille_temps_reel.154,Point,geom,EPSG:4326,"[3.060615, 50.65532]",CHAUFFERIE,92 rue Roger Salengro,,La Madeleine,EN SERVICE,AVEC TPE,12,4,CONNECTÉ,3.060615,50.65532,2025-09-06T09:27:13.128+00:00
Feature,ilevia:vlille_temps_reel,vlille_temps_reel.155,Point,geom,EPSG:4326,"[3.051201, 50.655098]",BAILLY,17 rue Albert Bailly,,Saint André Lez Lille,EN SERVICE,AVEC TPE,12,3,CONNECTÉ,3.051201,50.655098,2025-09-06T09:27:13.129+00:00
Feature,ilevia:vlille_temps_reel,vlille_temps_reel.156,Point,geom,EPSG:4326,"[3.050322, 50.661602]",ST ANDRE MAIRIE,91 rue du Général Leclerc,,Saint André Lez Lille,EN SERVICE,AVEC TPE,3,21,CONNECTÉ,3.050322,50.661602,2025-09-06T09:27:13.129+00:00
Feature,ilevia:vlille_temps_reel,vlille_temps_reel.157,Point,geom,EPSG:4326,"[3.042045, 50.64989]",CANON D'OR,255 Rue de Lille,,Lambersart,EN SERVICE,AVEC TPE,12,4,CONNECTÉ,3.042045,50.64989,2025-09-06T09:27:13.129+00:00
Feature,ilevia:vlille_temps_reel,vlille_temps_reel.158,Point,geom,EPSG:4326,"[3.036932, 50.644943]",DELECAUX,107 Avenue Henri Delecaux,,Lambersart,EN SERVICE,AVEC TPE,13,7,CONNECTÉ,3.036932,50.644943,2025-09-06T09:27:13.130+00:00
Feature,ilevia:vlille_temps_reel,vlille_temps_reel.159,Point,geom,EPSG:4326,"[3.071892, 50.637726]",EURALILLE,11 avenue Le Corbusier,,Lille,EN SERVICE,AVEC TPE,18,22,CONNECTÉ,3.071892,50.637726,2025-09-06T09:27:13.130+00:00
Feature,ilevia:vlille_temps_reel,vlille_temps_reel.160,Point,geom,EPSG:4326,"[3.077478, 50.637709]",PARVIS ROTTERDAM,Parvis Rotterdam,,Lille,EN SERVICE,AVEC TPE,18,2,CONNECTÉ,3.077478,50.637709,2025-09-06T09:27:13.130+00:00
Feature,ilevia:vlille_temps_reel,vlille_temps_reel.161,Point,geom,EPSG:4326,"[3.0822274, 50.634417]",CHAUDE RIVIÈRE,80 Rue Chaude Rivière,,Lille,EN SERVICE,AVEC TPE,12,3,CONNECTÉ,3.0822274,50.634417,2025-09-06T09:27:13.131+00:00
Feature,ilevia:vlille_temps_reel,vlille_temps_reel.162,Point,geom,EPSG:4326,"[3.065015, 50.628544]",ANGELLIER,1 Rue Auguste Angellier,,Lille,EN SERVICE,AVEC TPE,26,0,CONNECTÉ,3.065015,50.628544,2025-09-06T09:27:13.131+00:00
Feature,ilevia:vlille_temps_reel,vlille_temps_reel.163,Point,geom,EPSG:4326,"[3.064497, 50.625597]",JEANNE D'ARC,33 rue Jeanne d'Arc,,Lille,EN SERVICE,AVEC TPE,11,9,CONNECTÉ,3.064497,50.625597,2025-09-06T09:27:13.131+00:00
Feature,ilevia:vlille_temps_reel,vlille_temps_reel.164,Point,geom,EPSG:4326,"[3.061687, 50.63393]",HOPITAL MILITAIRE,36 Rue de l'Hôpital Militaire,,Lille,IN_MAINTENANCE,AVEC TPE,16,0,DÉCONNECTÉ,3.061687,50.63393,2025-09-06T09:27:13.131+00:00
Feature,ilevia:vlille_temps_reel,vlille_temps_reel.165,Point,geom,EPSG:4326,"[3.05831, 50.632423]",JEAN SANS PEUR,68 Rue Jean Sans Peur,,Lille,IN_MAINTENANCE,AVEC TPE,14,0,DÉCONNECTÉ,3.05831,50.632423,2025-09-06T09:27:13.132+00:00
Feature,ilevia:vlille_temps_reel,vlille_temps_reel.166,Point,geom,EPSG:4326,"[3.04483, 50.63084]",CAMPUS ST RAPHAEL,100 Boulevard Vauban,,Lille,IN_MAINTENANCE,AVEC TPE,16,0,DÉCONNECTÉ,3.04483,50.63084,2025-09-06T09:27:13.132+00:00
Feature,ilevia:vlille_temps_reel,vlille_temps_reel.167,Point,geom,EPSG:4326,"[3.046295, 50.626107]",TRANQUILLITÉ,406 Rue Léon Gambetta,,Lille,EN SERVICE,AVEC TPE,5,15,CONNECTÉ,3.046295,50.626107,2025-09-06T09:27:13.132+00:00
Feature,ilevia:vlille_temps_reel,vlille_temps_reel.168,Point,geom,EPSG:4326,"[3.023001, 50.630596]",RIVES DE LA HAUTE DEULE,248 Rue du Pont à Fourchon,,Lille,EN SERVICE,AVEC TPE,9,5,CONNECTÉ,3.023001,50.630596,2025-09-06T09:27:13.133+00:00
Feature,ilevia:vlille_temps_reel,vlille_temps_reel.169,Point,geom,EPSG:4326,"[3.057953, 50.644685]",JEMMAPES,59 Rue de Jemmapes,,Lille,EN SERVICE,AVEC TPE,16,6,CONNECTÉ,3.057953,50.644685,2025-09-06T09:27:13.133+00:00
Feature,ilevia:vlille_temps_reel,vlille_temps_reel.170,Point,geom,EPSG:4326,"[3.06038, 50.62195]",GANTOIS,118 Boulevard Victor Hugo,,Lille,EN SERVICE,AVEC TPE,7,5,CONNECTÉ,3.06038,50.62195,2025-09-06T09:27:13.133+00:00
Feature,ilevia:vlille_temps_reel,vlille_temps_reel.171,Point,geom,EPSG:4326,"[3.080467, 50.62479]",AUBERGE DE JEUNESSE,235 Boulevard Paul Painlevé,,Lille,EN SERVICE,AVEC TPE,11,5,CONNECTÉ,3.080467,50.62479,2025-09-06T09:27:13.134+00:00
Feature,ilevia:vlille_temps_reel,vlille_temps_reel.172,Point,geom,EPSG:4326,"[3.059261, 50.612635]",PLACE DE LA GARONNE,110 Rue de l'Ancolie,,Lille,EN SERVICE,AVEC TPE,10,1,CONNECTÉ,3.059261,50.612635,2025-09-06T09:27:13.163+00:00
Feature,ilevia:vlille_temps_reel,vlille_temps_reel.173,Point,geom,EPSG:4326,"[3.03677, 50.61352]",CHU - CENTRE OSCAR LAMBRET,Avenue Oscar Lambret,,Lille,EN SERVICE,AVEC TPE,8,12,CONNECTÉ,3.03677,50.61352,2025-09-06T09:27:13.164+00:00
Feature,ilevia:vlille_temps_reel,vlille_temps_reel.174,Point,geom,EPSG:4326,"[3.038892, 50.607664]",CHU - EURASANTÉ,11 boulevard Eugène Duthoit,,Lille,EN SERVICE,AVEC TPE,9,19,CONNECTÉ,3.038892,50.607664,2025-09-06T09:27:13.164+00:00
Feature,ilevia:vlille_temps_reel,vlille_temps_reel.175,Point,geom,EPSG:4326,"[3.038779, 50.60301]",RECHERCHE,977 Avenue Eugène Avinée,,Loos,EN SERVICE,AVEC TPE,7,9,CONNECTÉ,3.038779,50.60301,2025-09-06T09:27:13.164+00:00
Feature,ilevia:vlille_temps_reel,vlille_temps_reel.176,Point,geom,EPSG:4326,"[3.031421, 50.604499]",FACULTÉ DE MÉDECINE,310 Avenue Eugène Avinée,,Loos,EN SERVICE,AVEC TPE,13,3,CONNECTÉ,3.031421,50.604499,2025-09-06T09:27:13.165+00:00
Feature,ilevia:vlille_temps_reel,vlille_temps_reel.177,Point,geom,EPSG:4326,"[3.023032, 50.616763]",RUE DE LONDRES,2 Rue du Maréchal Foch,,Loos,EN SERVICE,AVEC TPE,9,5,CONNECTÉ,3.023032,50.616763,2025-09-06T09:27:13.165+00:00
Feature,ilevia:vlille_temps_reel,vlille_temps_reel.178,Point,geom,EPSG:4326,"[3.018471, 50.615164]",LA FILEUSE,81 rue du Maréchal Foch,,Loos,EN SERVICE,AVEC TPE,7,11,CONNECTÉ,3.018471,50.615164,2025-09-06T09:27:13.165+00:00
Feature,ilevia:vlille_temps_reel,vlille_temps_reel.179,Point,geom,EPSG:4326,"[3.090898, 50.626052]",BOURSE DU TRAVAIL,174 Boulevard de l'Usine,,Lille,EN SERVICE,AVEC TPE,4,16,CONNECTÉ,3.090898,50.626052,2025-09-06T09:27:13.165+00:00
Feature,ilevia:vlille_temps_reel,vlille_temps_reel.180,Point,geom,EPSG:4326,"[3.029324, 50.652107]",SQUARE JEAN MONNET,Square Jean Monnet,,Lambersart,EN SERVICE,AVEC TPE,10,5,CONNECTÉ,3.029324,50.652107,2025-09-06T09:27:13.166+00:00
Feature,ilevia:vlille_temps_reel,vlille_temps_reel.181,Point,geom,EPSG:4326,"[3.06988, 50.64872]",MARIE MARRANT,7 Rue Marie Marrant,,La Madeleine,DÉCONNECTÉ,AVEC TPE,0,0,DÉCONNECTÉ,3.06988,50.64872,2025-09-06T09:27:13.166+00:00
Feature,ilevia:vlille_temps_reel,vlille_temps_reel.182,Point,geom,EPSG:4326,"[3.03812, 50.649644]",BECQUART,75 Avenue Becquart,,Lambersart,EN SERVICE,AVEC TPE,8,4,CONNECTÉ,3.03812,50.649644,2025-09-06T09:27:13.166+00:00
Feature,ilevia:vlille_temps_reel,vlille_temps_reel.183,Point,geom,EPSG:4326,"[3.063774, 50.658048]",PLACE DE LA BOUCHERIE,1 Place de la Boucherie,,La Madeleine,EN SERVICE,AVEC TPE,18,2,CONNECTÉ,3.063774,50.658048,2025-09-06T09:27:13.167+00:00
Feature,ilevia:vlille_temps_reel,vlille_temps_reel.184,Point,geom,EPSG:4326,"[3.0678, 50.651107]",RUE DU PARC,20 rue du Parc,,La Madeleine,EN SERVICE,AVEC TPE,8,4,CONNECTÉ,3.0678,50.651107,2025-09-06T09:27:13.179+00:00
Feature,ilevia:vlille_temps_reel,vlille_temps_reel.185,Point,geom,EPSG:4326,"[3.056147, 50.65722]",SAINTE HÉLÈNE,48 rue Sainte-Hélène,,Saint Andrè Lez Lille,EN SERVICE,AVEC TPE,6,6,CONNECTÉ,3.056147,50.65722,2025-09-06T09:27:13.179+00:00
Feature,ilevia:vlille_temps_reel,vlille_temps_reel.186,Point,geom,EPSG:4326,"[3.092388, 50.672455]",MARCQ MAIRIE,1 Avenue du Maréchal De Lattre De Tassigny,,Marcq en Barœul,EN SERVICE,AVEC TPE,2,10,CONNECTÉ,3.092388,50.672455,2025-09-06T09:27:13.179+00:00
Feature,ilevia:vlille_temps_reel,vlille_temps_reel.187,Point,geom,EPSG:4326,"[3.05078, 50.61843]",CITÉ MARIANNE,365 Boulevard Victor Hugo,,Lille,EN SERVICE,AVEC TPE,10,2,CONNECTÉ,3.05078,50.61843,2025-09-06T09:27:13.180+00:00
Feature,ilevia:vlille_temps_reel,vlille_temps_reel.188,Point,geom,EPSG:4326,"[3.097538, 50.637103]",LOUIS BRAILLE,6 rue Gutenberg,,Mons en Baroeul,EN SERVICE,AVEC TPE,7,5,CONNECTÉ,3.097538,50.637103,2025-09-06T09:27:13.180+00:00
Feature,ilevia:vlille_temps_reel,vlille_temps_reel.189,Point,geom,EPSG:4326,"[3.106626, 50.646432]",HAUT DE MONS,225 rue du général de Gaulle,,Mons en baroeul,EN SERVICE,AVEC TPE,15,1,CONNECTÉ,3.106626,50.646432,2025-09-06T09:27:13.180+00:00
Feature,ilevia:vlille_temps_reel,vlille_temps_reel.190,Point,geom,EPSG:4326,"[3.057167, 50.662941]",QUAI 22,149 rue Sadi Carnot,,Saint André Lez Lille,EN SERVICE,AVEC TPE,8,6,CONNECTÉ,3.057167,50.662941,2025-09-06T09:27:13.181+00:00
Feature,ilevia:vlille_temps_reel,vlille_temps_reel.191,Point,geom,EPSG:4326,"[3.1317727, 50.638838]",FERME D'EN HAUT,100 Avenue Champollion,,Villeneuve d'Ascq,EN SERVICE,AVEC TPE,2,16,CONNECTÉ,3.1317727,50.638838,2025-09-06T09:27:13.181+00:00
Feature,ilevia:vlille_temps_reel,vlille_temps_reel.192,Point,geom,EPSG:4326,"[3.1350379, 50.6312847]",LE STADIUM,Avenue de la Châtellenie,,Villeneuve d'Ascq,EN SERVICE,AVEC TPE,9,5,CONNECTÉ,3.1350379,50.6312847,2025-09-06T09:27:13.181+00:00
Feature,ilevia:vlille_temps_reel,vlille_temps_reel.193,Point,geom,EPSG:4326,"[3.042003, 50.658146]",BEL AIR,115 Rue de Lambersart,,Saint André lez Lille,EN SERVICE,AVEC TPE,13,7,CONNECTÉ,3.042003,50.658146,2025-09-06T09:27:13.181+00:00
Feature,ilevia:vlille_temps_reel,vlille_temps_reel.194,Point,geom,EPSG:4326,"[3.049462, 50.665968]",LOMMELET,185 rue du Général Leclerc,,Saint André Lez Lille,EN SERVICE,AVEC TPE,12,8,CONNECTÉ,3.049462,50.665968,2025-09-06T09:27:13.182+00:00
Feature,ilevia:vlille_temps_reel,vlille_temps_reel.195,Point,geom,EPSG:4326,"[3.008346, 50.631135]",TISSERAND,51 Rue Victor Hugo,,Lomme,EN SERVICE,AVEC TPE,8,12,CONNECTÉ,3.008346,50.631135,2025-09-06T09:27:13.182+00:00
Feature,ilevia:vlille_temps_reel,vlille_temps_reel.196,Point,geom,EPSG:4326,"[3.009396, 50.636003]",ANATOLE FRANCE,72 bis rue de l'Ancienne Balaterie,,Lomme,EN SERVICE,AVEC TPE,7,10,CONNECTÉ,3.009396,50.636003,2025-09-06T09:27:13.182+00:00
Feature,ilevia:vlille_temps_reel,vlille_temps_reel.197,Point,geom,EPSG:4326,"[3.013423, 50.630678]",NOTEBART,236 Avenue Arthur Notebart,,Lomme,EN SERVICE,AVEC TPE,12,8,CONNECTÉ,3.013423,50.630678,2025-09-06T09:27:13.183+00:00
Feature,ilevia:vlille_temps_reel,vlille_temps_reel.198,Point,geom,EPSG:4326,"[3.010842, 50.614392]",LOOS CLEMENCEAU,1 rue Georges Clémenceau,,Loos,EN SERVICE,AVEC TPE,8,12,CONNECTÉ,3.010842,50.614392,2025-09-06T09:27:13.183+00:00
Feature,ilevia:vlille_temps_reel,vlille_temps_reel.199,Point,geom,EPSG:4326,"[3.003575, 50.612899]",GEORGES POTIÉ,55 rue Georges Potié,,Loos,EN SERVICE,AVEC TPE,9,11,CONNECTÉ,3.003575,50.612899,2025-09-06T09:27:13.183+00:00
Feature,ilevia:vlille_temps_reel,vlille_temps_reel.200,Point,geom,EPSG:4326,"[3.155906, 50.679123]",MAIRIE DE CROIX,232 Rue Jean Jaurès,,Croix,EN SERVICE,AVEC TPE,24,0,CONNECTÉ,3.155906,50.679123,2025-09-06T09:27:13.183+00:00
Feature,ilevia:vlille_temps_reel,vlille_temps_reel.201,Point,geom,EPSG:4326,"[3.163373, 50.673699]",EDHEC,370 rue Verte,,Croix,EN SERVICE,AVEC TPE,28,2,CONNECTÉ,3.163373,50.673699,2025-09-06T09:27:13.184+00:00
Feature,ilevia:vlille_temps_reel,vlille_temps_reel.202,Point,geom,EPSG:4326,"[3.162436, 50.678038]",PARC BARBIEUX,Avenue de Jussieu,,Roubaix,EN SERVICE,AVEC TPE,22,2,CONNECTÉ,3.162436,50.678038,2025-09-06T09:27:13.184+00:00
Feature,ilevia:vlille_temps_reel,vlille_temps_reel.203,Point,geom,EPSG:4326,"[3.167454, 50.68079]",VICTOR PROVO,Face au 122 boulevard du Général de Gaulle,,Roubaix,EN SERVICE,AVEC TPE,15,1,CONNECTÉ,3.167454,50.68079,2025-09-06T09:27:13.184+00:00
Feature,ilevia:vlille_temps_reel,vlille_temps_reel.204,Point,geom,EPSG:4326,"[3.171974, 50.684757]",JEAN MOULIN,51 boulevard du Général de Gaulle,,Roubaix,EN SERVICE,AVEC TPE,15,0,CONNECTÉ,3.171974,50.684757,2025-09-06T09:27:13.185+00:00
Feature,ilevia:vlille_temps_reel,vlille_temps_reel.205,Point,geom,EPSG:4326,"[3.190299, 50.691007]",CONDITION PUBLIQUE,17 Boulevard de Beaurepaire,,Roubaix,EN SERVICE,AVEC TPE,14,4,CONNECTÉ,3.190299,50.691007,2025-09-06T09:27:13.185+00:00
Feature,ilevia:vlille_temps_reel,vlille_temps_reel.206,Point,geom,EPSG:4326,"[3.174815, 50.688015]",ALFRED MONGY,3 boulevard du Général Leclerc,,Roubaix,EN SERVICE,AVEC TPE,4,12,CONNECTÉ,3.174815,50.688015,2025-09-06T09:27:13.185+00:00
Feature,ilevia:vlille_temps_reel,vlille_temps_reel.207,Point,geom,EPSG:4326,"[3.17974, 50.691323]",EUROTELEPORT,4 boulevard Gambetta (parvis Eurotéléport),,Roubaix,EN SERVICE,AVEC TPE,4,26,CONNECTÉ,3.17974,50.691323,2025-09-06T09:27:13.185+00:00
Feature,ilevia:vlille_temps_reel,vlille_temps_reel.208,Point,geom,EPSG:4326,"[3.181998, 50.67544]",DE FOURMIES,107 boulevard de Fourmies,,Roubaix,EN SERVICE,AVEC TPE,3,9,CONNECTÉ,3.181998,50.67544,2025-09-06T09:27:13.186+00:00
Feature,ilevia:vlille_temps_reel,vlille_temps_reel.209,Point,geom,EPSG:4326,"[3.195737, 50.674995]",USINE,218 avenue Alfred Motte,,Roubaix,EN SERVICE,AVEC TPE,9,11,CONNECTÉ,3.195737,50.674995,2025-09-06T09:27:13.186+00:00
Feature,ilevia:vlille_temps_reel,vlille_temps_reel.210,Point,geom,EPSG:4326,"[3.187817, 50.676884]",LINNE,198 avenue Linné,,Roubaix,EN SERVICE,AVEC TPE,0,6,CONNECTÉ,3.187817,50.676884,2025-09-06T09:27:13.186+00:00
Feature,ilevia:vlille_temps_reel,vlille_temps_reel.211,Point,geom,EPSG:4326,"[3.174519, 50.674164]",GUSTAVE DELORY,48 Avenue Gustave Delory,,Roubaix,EN SERVICE,AVEC TPE,8,10,CONNECTÉ,3.174519,50.674164,2025-09-06T09:27:13.187+00:00
Feature,ilevia:vlille_temps_reel,vlille_temps_reel.212,Point,geom,EPSG:4326,"[3.182205, 50.682053]",DANIELLE LESAFFRE,42 rue Dupuy de Lôme,,Roubaix,EN SERVICE,AVEC TPE,6,4,CONNECTÉ,3.182205,50.682053,2025-09-06T09:27:13.187+00:00
Feature,ilevia:vlille_temps_reel,vlille_temps_reel.213,Point,geom,EPSG:4326,"[3.182028, 50.68859]",LANNOY,96 rue de Lannoy,,Roubaix,EN SERVICE,AVEC TPE,15,3,CONNECTÉ,3.182028,50.68859,2025-09-06T09:27:13.187+00:00
Feature,ilevia:vlille_temps_reel,vlille_temps_reel.214,Point,geom,EPSG:4326,"[3.179333, 50.679472]",SAINT JEAN-BAPTISTE,1 rue Lesueur,,Roubaix,EN SERVICE,AVEC TPE,5,7,CONNECTÉ,3.179333,50.679472,2025-09-06T09:27:13.187+00:00
Feature,ilevia:vlille_temps_reel,vlille_temps_reel.216,Point,geom,EPSG:4326,"[3.194129, 50.681779]",FRATERNITE,381 rue de Lannoy (sur la place de la Fraternité),,Roubaix,EN SERVICE,AVEC TPE,13,3,CONNECTÉ,3.194129,50.681779,2025-09-06T09:27:13.188+00:00
Feature,ilevia:vlille_temps_reel,vlille_temps_reel.217,Point,geom,EPSG:4326,"[3.172558, 50.67869]",HOPITAL VICTOR PROVO,12 boulevard Lacordaire,,Roubaix,EN SERVICE,AVEC TPE,16,0,CONNECTÉ,3.172558,50.67869,2025-09-06T09:27:13.188+00:00
Feature,ilevia:vlille_temps_reel,vlille_temps_reel.219,Point,geom,EPSG:4326,"[3.164242, 50.695563]",GARE JEAN LEBAS,12 Place de la Gare,,Roubaix,EN SERVICE,AVEC TPE,17,0,CONNECTÉ,3.164242,50.695563,2025-09-06T09:27:13.188+00:00
Feature,ilevia:vlille_temps_reel,vlille_temps_reel.220,Point,geom,EPSG:4326,"[3.167666, 50.693768]",MUSEE ART ET INDUSTRIE,101 avenue Jean-Baptiste Lebas,,Roubaix,EN SERVICE,AVEC TPE,13,1,CONNECTÉ,3.167666,50.693768,2025-09-06T09:27:13.205+00:00
Feature,ilevia:vlille_temps_reel,vlille_temps_reel.221,Point,geom,EPSG:4326,"[3.173925, 50.69184]",ROUBAIX MAIRIE,1 Contour de l'Église St-Martin,,Roubaix,EN SERVICE,AVEC TPE,9,21,CONNECTÉ,3.173925,50.69184,2025-09-06T09:27:13.205+00:00
Feature,ilevia:vlille_temps_reel,vlille_temps_reel.223,Point,geom,EPSG:4326,"[3.1690075, 50.6903353]",PLACE TRICHON,32 Rue du Bois,,Roubaix,EN SERVICE,AVEC TPE,11,1,CONNECTÉ,3.1690075,50.6903353,2025-09-06T09:27:13.206+00:00
Feature,ilevia:vlille_temps_reel,vlille_temps_reel.224,Point,geom,EPSG:4326,"[3.162704, 50.691406]",CENTRE NAUTIQUE,Place de l'Abreuvoir,,Roubaix,EN SERVICE,AVEC TPE,7,7,CONNECTÉ,3.162704,50.691406,2025-09-06T09:27:13.206+00:00
Feature,ilevia:vlille_temps_reel,vlille_temps_reel.225,Point,geom,EPSG:4326,"[3.16327, 50.683987]",EPEULE MONTESQUIEU,212 Rue de Lille,,Roubaix,EN SERVICE,AVEC TPE,16,0,CONNECTÉ,3.16327,50.683987,2025-09-06T09:27:13.206+00:00
Feature,ilevia:vlille_temps_reel,vlille_temps_reel.226,Point,geom,EPSG:4326,"[3.170006, 50.68645]",CHARLES DE GAULLE,72 Rue de Lille,,Roubaix,EN SERVICE,AVEC TPE,14,2,CONNECTÉ,3.170006,50.68645,2025-09-06T09:27:13.207+00:00
Feature,ilevia:vlille_temps_reel,vlille_temps_reel.227,Point,geom,EPSG:4326,"[3.159658, 50.699436]",BVRD ARMENTIERES,73 bis boulevard d'Armentières,,Roubaix,EN SERVICE,AVEC TPE,2,6,CONNECTÉ,3.159658,50.699436,2025-09-06T09:27:13.207+00:00
Feature,ilevia:vlille_temps_reel,vlille_temps_reel.229,Point,geom,EPSG:4326,"[3.185092, 50.692368]",NATIONS UNIES,158 Boulevard Gambetta,,Roubaix,EN SERVICE,AVEC TPE,15,3,CONNECTÉ,3.185092,50.692368,2025-09-06T09:27:13.207+00:00
Feature,ilevia:vlille_temps_reel,vlille_temps_reel.230,Point,geom,EPSG:4326,"[3.18407, 50.70076]",DE LA VIGNE,181 Boulevard de Strasbourg,,Roubaix,EN SERVICE,AVEC TPE,4,7,CONNECTÉ,3.18407,50.70076,2025-09-06T09:27:13.207+00:00
Feature,ilevia:vlille_temps_reel,vlille_temps_reel.232,Point,geom,EPSG:4326,"[3.174347, 50.699734]",FOSSE AUX CHENES,13 Place de la Fosse aux Chênes,,Roubaix,EN SERVICE,AVEC TPE,8,6,CONNECTÉ,3.174347,50.699734,2025-09-06T09:27:13.226+00:00
Feature,ilevia:vlille_temps_reel,vlille_temps_reel.234,Point,geom,EPSG:4326,"[3.161378, 50.7004]",ALSACE,96 boulevard d'Armentières,,Roubaix,EN SERVICE,AVEC TPE,16,0,CONNECTÉ,3.161378,50.7004,2025-09-06T09:27:13.227+00:00
Feature,ilevia:vlille_temps_reel,vlille_temps_reel.236,Point,geom,EPSG:4326,"[3.192643, 50.694714]",CHAPTAL,234 Grande Rue,,Roubaix,EN SERVICE,AVEC TPE,2,10,CONNECTÉ,3.192643,50.694714,2025-09-06T09:27:13.227+00:00
Feature,ilevia:vlille_temps_reel,vlille_temps_reel.237,Point,geom,EPSG:4326,"[3.156464, 50.719878]",RUE DES ANGES,Parvis Léo Lagrange,,Tourcoing,EN SERVICE,AVEC TPE,6,0,CONNECTÉ,3.156464,50.719878,2025-09-06T09:27:13.227+00:00
Feature,ilevia:vlille_temps_reel,vlille_temps_reel.238,Point,geom,EPSG:4326,"[3.152787, 50.720747]",THEATRE TOURCOING,1 Rue de l'Alma,,Tourcoing,EN SERVICE,AVEC TPE,7,2,CONNECTÉ,3.152787,50.720747,2025-09-06T09:27:13.227+00:00
Feature,ilevia:vlille_temps_reel,vlille_temps_reel.239,Point,geom,EPSG:4326,"[3.167723, 50.730289]",BVRD DE L EGALITE,122 boulevard de l'Égalité,,Tourcoing,EN SERVICE,AVEC TPE,11,3,CONNECTÉ,3.167723,50.730289,2025-09-06T09:27:13.228+00:00
Feature,ilevia:vlille_temps_reel,vlille_temps_reel.240,Point,geom,EPSG:4326,"[3.163396, 50.71922]",POSTE,20 Rue Léon Salembien,,Tourcoing,EN SERVICE,AVEC TPE,5,1,CONNECTÉ,3.163396,50.71922,2025-09-06T09:27:13.228+00:00
Feature,ilevia:vlille_temps_reel,vlille_temps_reel.241,Point,geom,EPSG:4326,"[3.170847, 50.722343]",LE CORBUSIER,81 Rue des Piats,,Tourcoing,EN SERVICE,AVEC TPE,17,1,CONNECTÉ,3.170847,50.722343,2025-09-06T09:27:13.228+00:00
Feature,ilevia:vlille_temps_reel,vlille_temps_reel.242,Point,geom,EPSG:4326,"[3.167436, 50.716907]",TOURCOING GARE,11 Place Pierre Semard,,Tourcoing,EN SERVICE,AVEC TPE,11,7,CONNECTÉ,3.167436,50.716907,2025-09-06T09:27:13.229+00:00
Feature,ilevia:vlille_temps_reel,vlille_temps_reel.243,Point,geom,EPSG:4326,"[3.15749, 50.718204]",VICTOIRE,1 Place de la Victoire,,Tourcoing,EN SERVICE,AVEC TPE,12,0,CONNECTÉ,3.15749,50.718204,2025-09-06T09:27:13.229+00:00
Feature,ilevia:vlille_temps_reel,vlille_temps_reel.244,Point,geom,EPSG:4326,"[3.166828, 50.727453]",F ROOSEVELT,14 Boulevard de l' Egalité,,Tourcoing,EN SERVICE,AVEC TPE,7,5,CONNECTÉ,3.166828,50.727453,2025-09-06T09:27:13.229+00:00
Feature,ilevia:vlille_temps_reel,vlille_temps_reel.245,Point,geom,EPSG:4326,"[3.166122, 50.724581]",JARDIN BOTANIQUE,126 Rue Verte,,Tourcoing,EN SERVICE,AVEC TPE,6,2,CONNECTÉ,3.166122,50.724581,2025-09-06T09:27:13.229+00:00
Feature,ilevia:vlille_temps_reel,vlille_temps_reel.246,Point,geom,EPSG:4326,"[3.163794, 50.72271]",CAVELL,49 Rue de la Cloche,,Tourcoing,EN SERVICE,AVEC TPE,6,0,CONNECTÉ,3.163794,50.72271,2025-09-06T09:27:13.230+00:00
Feature,ilevia:vlille_temps_reel,vlille_temps_reel.247,Point,geom,EPSG:4326,"[3.1681724, 50.73418]",ROUGET DE L ISLE,245 Boulevard de l' Egalité,,Tourcoing,EN SERVICE,AVEC TPE,7,8,CONNECTÉ,3.1681724,50.73418,2025-09-06T09:27:13.230+00:00
Feature,ilevia:vlille_temps_reel,vlille_temps_reel.248,Point,geom,EPSG:4326,"[3.158835, 50.728798]",RUE SAINT BLAISE,85 Rue de Gand,,Tourcoing,EN SERVICE,AVEC TPE,5,1,CONNECTÉ,3.158835,50.728798,2025-09-06T09:27:13.230+00:00
Feature,ilevia:vlille_temps_reel,vlille_temps_reel.249,Point,geom,EPSG:4326,"[3.154051, 50.728798]",RUE DE MENIN,41 Rue Jourdan,,Tourcoing,EN SERVICE,AVEC TPE,8,4,CONNECTÉ,3.154051,50.728798,2025-09-06T09:27:13.230+00:00
Feature,ilevia:vlille_temps_reel,vlille_temps_reel.250,Point,geom,EPSG:4326,"[3.160344, 50.72389]",TOURCOING MAIRIE,6 Rue Nationale,,Tourcoing,EN SERVICE,AVEC TPE,18,4,CONNECTÉ,3.160344,50.72389,2025-09-06T09:27:13.231+00:00
Feature,ilevia:vlille_temps_reel,vlille_temps_reel.251,Point,geom,EPSG:4326,"[3.156554, 50.72551]",COLBERT,5 Rue de Gand,,Tourcoing,EN SERVICE,AVEC TPE,16,2,CONNECTÉ,3.156554,50.72551,2025-09-06T09:27:13.231+00:00
Feature,ilevia:vlille_temps_reel,vlille_temps_reel.252,Point,geom,EPSG:4326,"[3.150377, 50.72263]",RUE DES POUTRAINS,105 Rue de Lille,,Tourcoing,EN SERVICE,AVEC TPE,15,1,CONNECTÉ,3.150377,50.72263,2025-09-06T09:27:13.231+00:00
Feature,ilevia:vlille_temps_reel,vlille_temps_reel.253,Point,geom,EPSG:4326,"[3.150884, 50.72498]",AVENUE MILLET,1 Avenue Jean Millet,,Tourcoing,EN SERVICE,AVEC TPE,11,1,CONNECTÉ,3.150884,50.72498,2025-09-06T09:27:13.231+00:00
Feature,ilevia:vlille_temps_reel,vlille_temps_reel.254,Point,geom,EPSG:4326,"[3.162455, 50.71732]",SEBASTOPOL,Face au 11 place Sébastopol,,Tourcoing,EN SERVICE,AVEC TPE,16,2,CONNECTÉ,3.162455,50.71732,2025-09-06T09:27:13.232+00:00
Feature,ilevia:vlille_temps_reel,vlille_temps_reel.255,Point,geom,EPSG:4326,"[3.165011, 50.7134]",RUE DE ROUBAIX,61 Rue de Roubaix,,Tourcoing,EN SERVICE,AVEC TPE,9,3,CONNECTÉ,3.165011,50.7134,2025-09-06T09:27:13.232+00:00
Feature,ilevia:vlille_temps_reel,vlille_temps_reel.256,Point,geom,EPSG:4326,"[3.1712308, 50.73682]",PONT DE NEUVILLE,251 Rue du Pont de Neuville,,Tourcoing,EN SERVICE,AVEC TPE,10,2,CONNECTÉ,3.1712308,50.73682,2025-09-06T09:27:13.232+00:00
Feature,ilevia:vlille_temps_reel,vlille_temps_reel.257,Point,geom,EPSG:4326,"[3.156974, 50.714035]",CHARLES WATTINNE,Quai de Bordeaux / 1 rue Victor Hugo,,Tourcoing,EN SERVICE,AVEC TPE,13,3,CONNECTÉ,3.156974,50.714035,2025-09-06T09:27:13.233+00:00
Feature,ilevia:vlille_temps_reel,vlille_temps_reel.258,Point,geom,EPSG:4326,"[3.159881, 50.710735]",CARLIERS,151 Chaussée Galilée,,Tourcoing,EN SERVICE,AVEC TPE,6,6,CONNECTÉ,3.159881,50.710735,2025-09-06T09:27:13.233+00:00
Feature,ilevia:vlille_temps_reel,vlille_temps_reel.259,Point,geom,EPSG:4326,"[3.160515, 50.704693]",MERCURE,Face au 330 boulevard Gambetta,,Tourcoing,EN SERVICE,AVEC TPE,17,1,CONNECTÉ,3.160515,50.704693,2025-09-06T09:27:13.233+00:00
Feature,ilevia:vlille_temps_reel,vlille_temps_reel.260,Point,geom,EPSG:4326,"[3.158104, 50.721308]",PLACE ROUSSEL,Place Charles et Albert Roussel,,Tourcoing,EN SERVICE,AVEC TPE,18,2,CONNECTÉ,3.158104,50.721308,2025-09-06T09:27:13.233+00:00
Feature,ilevia:vlille_temps_reel,vlille_temps_reel.261,Point,geom,EPSG:4326,"[3.157764, 50.732406]",PHALEMPINS,Place des Phalempins,,Tourcoing,EN SERVICE,AVEC TPE,10,4,CONNECTÉ,3.157764,50.732406,2025-09-06T09:27:13.243+00:00
Feature,ilevia:vlille_temps_reel,vlille_temps_reel.265,Point,geom,EPSG:4326,"[3.14721, 50.67441]",CROIX CENTRE,3 Place de la République,,Croix,EN SERVICE,AVEC TPE,7,9,CONNECTÉ,3.14721,50.67441,2025-09-06T09:27:13.248+00:00
Feature,ilevia:vlille_temps_reel,vlille_temps_reel.266,Point,geom,EPSG:4326,"[3.1585592, 50.6875]",MAIRIE DE QUARTIER OUEST,182 Rue de l'Épeule,,Roubaix,IN_MAINTENANCE,AVEC TPE,12,0,DÉCONNECTÉ,3.1585592,50.6875,2025-09-06T09:27:13.249+00:00
Feature,ilevia:vlille_temps_reel,vlille_temps_reel.267,Point,geom,EPSG:4326,"[3.154898, 50.670155]",FER À CHEVAL,Avenue Jean Jaurès (intersection avec avenue Édouard Va,,Roubaix,EN SERVICE,AVEC TPE,16,4,CONNECTÉ,3.154898,50.670155,2025-09-06T09:27:13.249+00:00
Feature,ilevia:vlille_temps_reel,vlille_temps_reel.268,Point,geom,EPSG:4326,"[3.168664, 50.696909]",BLANCHEMAILLE,55 rue de Blanchemaille,,Roubaix,EN SERVICE,AVEC TPE,8,0,CONNECTÉ,3.168664,50.696909,2025-09-06T09:27:13.249+00:00
Feature,ilevia:vlille_temps_reel,vlille_temps_reel.269,Point,geom,EPSG:4326,"[3.167315, 50.676665]",DELORY BARBIEUX,14 Avenue Gustave Delory,,Roubaix,EN SERVICE,AVEC TPE,17,3,CONNECTÉ,3.167315,50.676665,2025-09-06T09:27:13.250+00:00
Feature,ilevia:vlille_temps_reel,vlille_temps_reel.270,Point,geom,EPSG:4326,"[3.130098, 50.664211]",PAVÉ DE LILLE,101 Avenue de Flandre,,Wasquehal,EN SERVICE,AVEC TPE,0,20,CONNECTÉ,3.130098,50.664211,2025-09-06T09:27:13.250+00:00
Feature,ilevia:vlille_temps_reel,vlille_temps_reel.271,Point,geom,EPSG:4326,"[3.13075, 50.669917]",WASQUEHAL HOTEL DE VILLE,18 rue Michelet,,Wasquehal,EN SERVICE,AVEC TPE,8,12,CONNECTÉ,3.13075,50.669917,2025-09-06T09:27:13.250+00:00
Feature,ilevia:vlille_temps_reel,vlille_temps_reel.272,Point,geom,EPSG:4326,"[3.183066, 50.671609]",CHARLES FOURIER,261 avenue Gustave Delory,,Roubaix,EN SERVICE,AVEC TPE,0,12,CONNECTÉ,3.183066,50.671609,2025-09-06T09:27:13.250+00:00
Feature,ilevia:vlille_temps_reel,vlille_temps_reel.273,Point,geom,EPSG:4326,"[3.198875, 50.670865]",PISCINE DES 3 VILLES,350 Rue du Docteur Schweitzer,,Roubaix,EN SERVICE,AVEC TPE,11,3,CONNECTÉ,3.198875,50.670865,2025-09-06T09:27:13.251+00:00
Feature,ilevia:vlille_temps_reel,vlille_temps_reel.274,Point,geom,EPSG:4326,"[3.192974, 50.667847]",CALMETTE,323 avenue Laënnec,,Hem,EN SERVICE,AVEC TPE,0,8,CONNECTÉ,3.192974,50.667847,2025-09-06T09:27:13.251+00:00
Feature,ilevia:vlille_temps_reel,vlille_temps_reel.276,Point,geom,EPSG:4326,"[3.14019, 50.67756]",GEORGES HANNART,141 Rue de la Gare,,Croix,EN SERVICE,AVEC TPE,16,4,CONNECTÉ,3.14019,50.67756,2025-09-06T09:27:13.251+00:00
Feature,ilevia:vlille_temps_reel,vlille_temps_reel.299,Point,geom,EPSG:4326,"[3.0863797, 50.6151322]",TEST CYKLEO LILLE,4 rue du Professeur Langevin,,LILLE,IN_MAINTENANCE,AVEC TPE,1,0,DÉCONNECTÉ,3.0863797,50.6151322,2025-09-06T09:27:13.252+00:00
Feature,ilevia:vlille_temps_reel,vlille_temps_reel.300,Point,geom,EPSG:4326,"[3.03027, 50.64466]",ROUSSEAU,13 Avenue Henri Delecaux,,Lambersart,EN SERVICE,AVEC TPE,16,4,CONNECTÉ,3.03027,50.64466,2025-09-06T09:27:13.252+00:00
Feature,ilevia:vlille_temps_reel,vlille_temps_reel.301,Point,geom,EPSG:4326,"[3.02604, 50.65281]",SAINT CALIXTE,99 Rue du Bourg,,Lambersart,EN SERVICE,AVEC TPE,11,9,CONNECTÉ,3.02604,50.65281,2025-09-06T09:27:13.252+00:00
Feature,ilevia:vlille_temps_reel,vlille_temps_reel.302,Point,geom,EPSG:4326,"[3.069127, 50.603145]",FACHES THUMESNIL MAIRIE,20 rue Roger Salengro,,Faches Thumesnil,EN SERVICE,AVEC TPE,14,6,CONNECTÉ,3.069127,50.603145,2025-09-06T09:27:13.253+00:00
Feature,ilevia:vlille_temps_reel,vlille_temps_reel.303,Point,geom,EPSG:4326,"[3.06558, 50.60709]",RÉSISTANCE,38 rue Carnot,,Faches Thumesnil,EN SERVICE,AVEC TPE,16,4,CONNECTÉ,3.06558,50.60709,2025-09-06T09:27:13.265+00:00
Feature,ilevia:vlille_temps_reel,vlille_temps_reel.304,Point,geom,EPSG:4326,"[3.138682, 50.66351]",LE SART,21 Avenue de Flandre,,Villeneuve d'Ascq,EN SERVICE,AVEC TPE,13,7,CONNECTÉ,3.138682,50.66351,2025-09-06T09:27:13.266+00:00
Feature,ilevia:vlille_temps_reel,vlille_temps_reel.305,Point,geom,EPSG:4326,"[3.143504, 50.669719]",LA MAILLERIE,228 Rue Jean Jaures,,Villeneuve d'Ascq,EN SERVICE,AVEC TPE,15,5,CONNECTÉ,3.143504,50.669719,2025-09-06T09:27:13.266+00:00
Feature,ilevia:vlille_temps_reel,vlille_temps_reel.306,Point,geom,EPSG:4326,"[3.135558, 50.635929]",CHATELLENIE,Avenue de la Châtellenie,,Villeneuve d'Ascq,EN SERVICE,AVEC TPE,3,17,CONNECTÉ,3.135558,50.635929,2025-09-06T09:27:13.266+00:00
Feature,ilevia:vlille_temps_reel,vlille_temps_reel.307,Point,geom,EPSG:4326,"[3.122953, 50.612389]",4 VENTS,Rue Chanzy (rond-point 4 Vents),,Lezennes,EN SERVICE,AVEC TPE,12,8,CONNECTÉ,3.122953,50.612389,2025-09-06T09:27:13.267+00:00
Feature,ilevia:vlille_temps_reel,vlille_temps_reel.308,Point,geom,EPSG:4326,"[2.994654, 50.611307]",SADI CARNOT,178 rue Sadi Carnot,,Haubourdin,EN SERVICE,AVEC TPE,5,15,CONNECTÉ,2.994654,50.611307,2025-09-06T09:27:13.271+00:00
Feature,ilevia:vlille_temps_reel,vlille_temps_reel.309,Point,geom,EPSG:4326,"[2.983879, 50.610949]",HAUBOURDIN MAIRIE,23 rue Sadi Carnot,,Haubourdin,EN SERVICE,AVEC TPE,13,11,CONNECTÉ,2.983879,50.610949,2025-09-06T09:27:13.272+00:00
Feature,ilevia:vlille_temps_reel,vlille_temps_reel.310,Point,geom,EPSG:4326,"[3.065308, 50.676607]",MARQUETTE MAIRIE,4 rue de Wambrechies,,Marquette Lez Lille,EN SERVICE,AVEC TPE,9,11,CONNECTÉ,3.065308,50.676607,2025-09-06T09:27:13.272+00:00
Feature,ilevia:vlille_temps_reel,vlille_temps_reel.311,Point,geom,EPSG:4326,"[3.055025, 50.671436]",GRANDS MOULINS DE PARIS,11 Square du Pont à Bascule,,Marquette Lez Lille,EN SERVICE,AVEC TPE,8,12,CONNECTÉ,3.055025,50.671436,2025-09-06T09:27:13.272+00:00
Feature,ilevia:vlille_temps_reel,vlille_temps_reel.312,Point,geom,EPSG:4326,"[3.069332, 50.672503]",SAINT ROCH,2 rue de la Station,,Marquette Lez Lille,EN SERVICE,AVEC TPE,16,4,CONNECTÉ,3.069332,50.672503,2025-09-06T09:27:13.272+00:00
Feature,ilevia:vlille_temps_reel,vlille_temps_reel.313,Point,geom,EPSG:4326,"[3.06415, 50.666236]",PONT DE L'ABBAYE,6 rue du Pont de l'Abbaye,,Marquette Lez Lille,EN SERVICE,AVEC TPE,14,6,CONNECTÉ,3.06415,50.666236,2025-09-06T09:27:13.273+00:00
Feature,ilevia:vlille_temps_reel,vlille_temps_reel.314,Point,geom,EPSG:4326,"[3.05332, 50.68656]",ROBERSART,1 place du Général de Gaulle,,Wambrechies,EN SERVICE,AVEC TPE,6,10,CONNECTÉ,3.05332,50.68656,2025-09-06T09:27:13.273+00:00
Feature,ilevia:vlille_temps_reel,vlille_temps_reel.315,Point,geom,EPSG:4326,"[3.05179, 50.68245]",PETIT PARADIS,7 Avenue du Maréchal Foch,,Wambrechies,EN SERVICE,AVEC TPE,7,5,CONNECTÉ,3.05179,50.68245,2025-09-06T09:27:13.273+00:00
Feature,ilevia:vlille_temps_reel,vlille_temps_reel.316,Point,geom,EPSG:4326,"[3.05323, 50.6399]",RAMPONNEAU,Allée des Marronniers,,Lille,IN_MAINTENANCE,AVEC TPE,20,0,DÉCONNECTÉ,3.05323,50.6399,2025-09-06T09:27:13.274+00:00
Feature,ilevia:vlille_temps_reel,vlille_temps_reel.317,Point,geom,EPSG:4326,"[3.02139, 50.62911]",GARE D'EAU,331 Rue des Bois Blancs,,Lille,EN SERVICE,AVEC TPE,9,5,CONNECTÉ,3.02139,50.62911,2025-09-06T09:27:13.274+00:00
Feature,ilevia:vlille_temps_reel,vlille_temps_reel.318,Point,geom,EPSG:4326,"[3.09978, 50.61946]",HELLU - ÉPINE,Rue Paul Kimpe,,Hellemmes,EN SERVICE,AVEC TPE,8,6,CONNECTÉ,3.09978,50.61946,2025-09-06T09:27:13.274+00:00
Feature,ilevia:vlille_temps_reel,vlille_temps_reel.319,Point,geom,EPSG:4326,"[3.00768, 50.64697]",MITTERIE,Parvis métro Mitterie,,Lomme,DÉCONNECTÉ,AVEC TPE,16,0,DÉCONNECTÉ,3.00768,50.64697,2025-09-06T09:27:13.274+00:00
Feature,ilevia:vlille_temps_reel,vlille_temps_reel.995,Point,geom,EPSG:4326,"[3.0746028887034784, 50.645759826816764]",STATION PROVISOIRE 1,99 Avenue de la République,,La Madeleine,EN SERVICE,AVEC TPE,15,5,CONNECTÉ,3.0746028887034784,50.645759826816764,2025-09-06T09:27:13.275+00:00
Feature,ilevia:vlille_temps_reel,vlille_temps_reel.996,Point,geom,EPSG:4326,"[3.086178, 50.615795]",STATION MOBILE 1,4 Rue du Professeur Langevin,,Lille,HORS SERVICE,AVEC TPE,20,0,DÉCONNECTÉ,3.086178,50.615795,2025-09-06T09:27:13.275+00:00
Feature,ilevia:vlille_temps_reel,vlille_temps_reel.997,Point,geom,EPSG:4326,"[3.088049, 50.614968]",STATION MOBILE 2,4 Rue du Professeur Langevin,,Lille,HORS SERVICE,AVEC TPE,20,0,DÉCONNECTÉ,3.088049,50.614968,2025-09-06T09:27:13.275+00:00
Feature,ilevia:vlille_temps_reel,vlille_temps_reel.998,Point,geom,EPSG:4326,"[3.087023, 50.616138]",STATION MOBILE 3,4 Rue du Professeur Langevin,,Lille,HORS SERVICE,AVEC TPE,20,0,DÉCONNECTÉ,3.087023,50.616138,2025-09-06T09:27:13.275+00:00
Feature,ilevia:vlille_temps_reel,vlille_temps_reel.999,Point,geom,EPSG:4326,"[3.086507, 50.616626]",STATION TEST,4 Rue du Professeur Langevin,,Lille,EN SERVICE,AVEC TPE,1,0,CONNECTÉ,3.086507,50.616626,2025-09-06T09:27:13.276+00:00
